id,timestamp,acc_x,acc_y,acc_z,gyro_x,gyro_y,gyro_z
0,1715533718570,0.55,0.1,-2.18,46.45,15.26,-103.82
1,1715533718580,0.0,0.38,-3.07,-86.49,7.26,-79.71
2,1715533718590,-0.024999999999999998,0.4533333333333333,-3.0766666666666667,-92.98,6.010000000000001,-65.285
3,1715533718600,-0.15,0.82,-3.11,-125.43000000000002,-0.24,6.840000000000001
4,1715533718610,-0.15,0.82,-3.11,-125.43,-0.24,6.84
5,1715533718620,-0.15,0.82,-3.11,-125.43,-0.24,6.84
6,1715533718630,0.20833333333333334,0.995,-2.91,-206.705,-15.398333333333333,5.923333333333333
7,1715533718640,0.28,1.03,-2.8699999999999997,-222.96,-18.43,5.739999999999999
8,1715533718650,0.28,1.03,-2.87,-222.95999999999998,-18.43,5.74
9,1715533718660,0.39333333333333337,0.8300000000000001,-2.6266666666666665,-251.63666666666668,-24.126666666666665,-0.9133333333333328
10,1715533718670,0.96,-0.17,-1.41,-395.02,-52.60999999999999,-34.18
11,1715533718680,0.96,-0.17,-1.41,-395.02,-52.61,-34.18
12,1715533718690,0.96,-0.17,-1.41,-395.02,-52.60999999999999,-34.18
13,1715533718700,1.0066666666666666,-0.5033333333333333,-1.18,-386.0883333333333,-87.82833333333333,-43.79333333333333
14,1715533718710,1.1,-1.17,-0.72,-341.43,-263.92,-91.86
15,1715533718720,1.1,-1.17,-0.7200000000000001,-341.43,-263.92,-91.86
16,1715533718730,1.1,-1.17,-0.72,-341.43,-263.92,-91.86
17,1715533718740,1.2100000000000002,-1.375,-0.48500000000000004,-336.5566666666667,-287.43833333333333,-97.8
18,1715533718750,1.7600000000000002,-2.4,0.69,-312.19,-405.03,-127.5
19,1715533718760,1.7600000000000002,-2.4,0.69,-312.19,-405.03,-127.5
20,1715533718770,1.7600000000000002,-2.4,0.69,-312.19,-405.03,-127.5
21,1715533718780,1.508,-2.55,0.708,-353.158,-360.32599999999996,-111.78
22,1715533718790,1.34,-2.65,0.72,-414.61,-293.27,-88.2
23,1715533718800,1.34,-2.65,0.72,-414.61,-293.27,-88.2
24,1715533718810,1.34,-2.65,0.72,-414.61,-293.27,-88.2
25,1715533718820,1.34,-2.65,0.72,-414.61,-293.27,-88.2
26,1715533718830,1.34,-2.65,0.72,-414.61,-293.27,-88.2
27,1715533718840,1.34,-2.65,0.72,-414.61,-293.27,-88.2
28,1715533718850,1.34,-2.65,0.72,-414.61,-293.27,-88.2
29,1715533718860,1.34,-2.65,0.72,-414.61,-293.27,-88.2
30,1715533718870,1.34,-2.65,0.72,-414.61,-293.27,-88.2
31,1715533718880,1.34,-2.65,0.72,-414.61,-293.27,-88.2
32,1715533718890,1.34,-2.65,0.72,-414.61,-293.27,-88.2
33,1715533718900,1.48,-2.365,0.95,-352.65999999999997,-304.595,-48.1
34,1715533718910,1.365,-2.26,1.0375,-352.42,-259.475,-30.47
35,1715533718920,1.28,-2.32,0.99,-372.99,-240.66,-37.96
36,1715533718930,0.9266666666666667,-2.0866666666666664,1.5566666666666666,-351.9533333333334,-234.21,-17.046666666666667
37,1715533718940,0.75,-1.97,1.84,-309.88,-221.31000000000003,24.78
38,1715533718950,0.75,-1.97,1.84,-309.88,-221.31000000000003,24.78
39,1715533718960,0.75,-1.97,1.84,-309.88,-221.31000000000003,24.78
40,1715533718970,0.77,-1.6266666666666667,2.1733333333333333,-328.00666666666666,-147.41666666666666,44.800000000000004
41,1715533718980,0.81,-0.94,2.84,-364.26,0.37,84.84
42,1715533718990,0.81,-0.94,2.84,-364.26,0.37,84.84
43,1715533719000,0.81,-0.94,2.84,-364.26,0.36999999999999994,84.84
44,1715533719010,0.81,-0.94,2.84,-364.26,0.36999999999999994,84.84
45,1715533719020,0.81,-0.94,2.84,-364.26,0.37,84.84
46,1715533719030,0.81,-0.94,2.84,-364.26,0.36999999999999994,84.84
47,1715533719040,0.81,-0.94,2.84,-364.26,0.36999999999999994,84.84
48,1715533719050,0.81,-0.94,2.84,-364.26,0.37,84.84
49,1715533719060,0.81,-0.94,2.84,-364.26,0.36999999999999994,84.84
50,1715533719070,0.81,-0.94,2.84,-364.26,0.36999999999999994,84.84
51,1715533719080,0.81,-0.94,2.84,-364.26,0.37,84.84
52,1715533719090,0.9950000000000001,-1.1925,4.5425,-197.815,-19.62,49.455
53,1715533719100,1.01,-1.96,6.79,240.54,-65.0,23.07
54,1715533719110,1.1225,-2.0475,6.535,240.54,-65.0,23.07
55,1715533719120,1.46,-2.31,5.77,336.3,64.21,13.37
56,1715533719130,1.46,-2.31,5.77,336.3,64.21,13.37
57,1715533719140,1.46,-2.31,5.77,336.3,64.21,13.37
58,1715533719150,1.46,-2.31,5.77,336.3,64.21,13.37
59,1715533719160,1.3699999999999999,-1.77,4.516,365.016,132.4,35.924
60,1715533719170,1.31,-1.41,3.6800000000000006,384.16,177.86,50.96
61,1715533719180,1.31,-1.41,3.68,384.16,177.86,50.96
62,1715533719190,1.28,-1.44,3.125,405.49,163.715,41.53
63,1715533719200,1.25,-1.47,2.57,469.48,121.28000000000002,13.24
64,1715533719210,1.25,-1.47,2.57,469.48,121.28,13.24
65,1715533719220,1.25,-1.47,2.57,469.48,121.28000000000002,13.24
66,1715533719230,1.25,-1.47,2.57,469.48,121.28000000000002,13.24
67,1715533719240,1.42,-2.62,1.93,524.54,190.8,-67.81
68,1715533719250,1.42,-2.62,1.93,524.54,190.80000000000004,-67.81
69,1715533719260,1.42,-2.62,1.93,524.54,190.80000000000004,-67.81
70,1715533719270,1.39,-2.7925,1.63,497.39,183.705,-112.21000000000001
71,1715533719280,1.38,-2.85,1.53,488.34,181.34,-127.01
72,1715533719290,1.38,-2.85,1.53,488.34,181.34,-127.01
73,1715533719300,1.38,-2.85,1.53,488.34,181.34,-127.01
74,1715533719310,1.5375,-3.33,1.95,442.8375,251.33000000000004,-131.8175
75,1715533719320,1.59,-3.49,2.09,427.67,274.66,-133.42
76,1715533719330,1.59,-3.49,2.09,427.67,274.66,-133.42
77,1715533719340,1.59,-3.49,2.09,427.67,274.66,-133.42
78,1715533719350,1.59,-3.49,2.09,427.67,274.66,-133.42
79,1715533719360,1.59,-3.49,2.09,427.67,274.66,-133.42
80,1715533719370,1.59,-3.49,2.09,427.67,274.66,-133.42
81,1715533719380,1.59,-3.49,2.09,427.67,274.66,-133.42
82,1715533719390,1.59,-3.49,2.09,427.67,274.66,-133.42
83,1715533719400,1.59,-3.49,2.09,427.67,274.66,-133.42
84,1715533719410,1.59,-3.49,2.09,427.67,274.66,-133.42
85,1715533719420,1.3900000000000001,-3.1325000000000003,1.2999999999999998,434.90250000000003,228.04500000000002,-131.4375
86,1715533719430,0.79,-2.06,-1.07,360.3733333333333,153.1,-155.96333333333334
87,1715533719440,0.79,-2.06,-1.07,312.26,185.55,-171.2
88,1715533719450,0.79,-2.06,-1.07,312.26,185.55,-171.2
89,1715533719460,0.5733333333333334,-1.9800000000000002,-1.45,279.8066666666667,128.84666666666666,-175.98333333333335
90,1715533719470,0.14,-1.82,-2.21,214.9,15.44,-185.55
91,1715533719480,0.14,-1.82,-2.21,214.9,15.44,-185.55000000000004
92,1715533719490,0.14,-1.82,-2.21,214.9,15.44,-185.55
93,1715533719500,-0.2733333333333333,-1.4466666666666665,-3.016666666666667,162.81666666666666,-1.2633333333333343,-145.0
94,1715533719510,-0.48,-1.26,-3.42,58.65,-34.67,-63.9
95,1715533719520,-0.48,-1.26,-3.42,58.65,-34.67,-63.9
96,1715533719530,-0.48,-1.26,-3.42,58.65,-34.67,-63.9
97,1715533719540,-0.48,-1.26,-3.42,58.65,-34.67,-63.9
98,1715533719550,-0.48,-1.26,-3.42,58.65,-34.67,-63.9
99,1715533719560,-0.48,-1.26,-3.42,58.65,-34.67,-63.9
100,1715533719570,-0.48,-1.26,-3.42,58.65,-34.67,-63.9
101,1715533719580,-0.48,-1.26,-3.42,58.65,-34.67,-63.9
102,1715533719590,-0.48,-1.26,-3.42,58.65,-34.67,-63.9
103,1715533719600,-0.48,-1.26,-3.42,58.65,-34.67,-63.9
104,1715533719610,-0.48,-1.26,-3.42,58.65,-34.67,-63.9
105,1715533719620,-0.275,-1.055,-3.035,-207.425,-26.28,129.3
106,1715533719630,-0.15,-1.27,-2.49,-323.85,-19.17,183.47
107,1715533719640,-0.15,-1.27,-2.49,-323.85,-19.17,183.47
108,1715533719650,-0.15,-1.27,-2.49,-323.85,-19.17,183.47
109,1715533719660,1.12,-1.92,-0.35,-405.6075,-132.8325,229.52
110,1715533719670,1.12,-1.92,-0.35,-432.86,-170.72,244.87
111,1715533719680,1.12,-1.92,-0.3499999999999999,-432.85999999999996,-170.72,244.87
112,1715533719690,1.12,-1.92,-0.35,-432.86,-170.72,244.87
113,1715533719700,2.15,-2.28,1.9799999999999998,-550.42,-188.17,227.84
114,1715533719710,2.15,-2.28,1.9799999999999998,-550.42,-188.17,227.84
115,1715533719720,2.15,-2.28,1.9799999999999998,-550.42,-188.17,227.84
116,1715533719730,2.005,-2.4,2.23,-555.865,-175.27749999999997,202.13
117,1715533719740,1.86,-2.52,2.48,-572.2,-136.6,125.0
118,1715533719750,1.86,-2.52,2.48,-572.2,-136.6,125.0
119,1715533719760,1.86,-2.52,2.48,-572.2,-136.6,125.0
120,1715533719770,1.5733333333333333,-2.393333333333333,2.06,-460.91333333333336,-215.98666666666668,92.52666666666669
121,1715533719780,1.43,-2.33,1.8500000000000003,-405.27,-255.67999999999998,76.29
122,1715533719790,1.43,-2.33,1.8500000000000003,-405.27,-255.67999999999998,76.29
123,1715533719800,1.43,-2.33,1.8500000000000003,-405.27,-255.67999999999998,76.29
124,1715533719810,1.4825,-2.015,1.625,-399.09,-218.87,71.9475
125,1715533719820,1.5,-1.91,1.55,-397.03,-206.6,70.5
126,1715533719830,1.5,-1.91,1.55,-397.03,-206.6,70.5
127,1715533719840,1.5,-1.91,1.55,-397.03,-206.6,70.5
128,1715533719850,1.2,-2.17,1.89,-550.42,-131.04,23.38
129,1715533719860,1.2,-2.17,1.89,-550.42,-131.04,23.38
130,1715533719870,1.2,-2.17,1.89,-550.42,-131.04,23.38
131,1715533719880,1.2,-2.17,1.89,-550.42,-131.04,23.38
132,1715533719890,1.2,-2.17,1.89,-550.42,-131.04,23.38
133,1715533719900,1.2,-2.17,1.89,-550.42,-131.04,23.38
134,1715533719910,1.2,-2.17,1.89,-550.42,-131.04,23.38
135,1715533719920,1.2,-2.17,1.89,-550.42,-131.04,23.38
136,1715533719930,1.2,-2.17,1.89,-550.42,-131.04,23.38
137,1715533719940,1.2,-2.17,1.89,-550.42,-131.04,23.38
138,1715533719950,0.9266666666666667,-1.43,2.29,-414.6333333333334,-139.74666666666667,-26.633333333333336
139,1715533719960,0.815,-0.675,3.56,-358.885,-53.8,-17.64
140,1715533719970,0.84,-0.29,4.63,-371.03,36.5,16.36
141,1715533719980,0.84,-0.29,4.63,-371.03,36.5,16.36
142,1715533719990,0.84,-0.29,4.63,-371.03,36.5,16.36
143,1715533720000,0.7925,-0.45749999999999996,5.0775,-306.455,16.1,-3.705
144,1715533720010,0.65,-0.96,6.419999999999999,-112.73,-45.1,-63.9
145,1715533720020,0.65,-0.96,6.42,-112.73,-45.1,-63.9
146,1715533720030,0.65,-0.96,6.419999999999999,-112.73,-45.1,-63.9
147,1715533720040,0.65,-0.96,6.42,-112.73,-45.1,-63.9
148,1715533720050,1.35,-1.83,6.03,214.6,-26.06,-12.63
149,1715533720060,1.3500000000000003,-1.83,6.03,214.6,-26.06,-12.63
150,1715533720070,1.3500000000000003,-1.83,6.03,214.6,-26.06,-12.63
151,1715533720080,1.3500000000000003,-1.83,6.03,214.6,-26.06,-12.63
152,1715533720090,1.3500000000000003,-1.83,6.03,214.6,-26.06,-12.63
153,1715533720100,1.3500000000000003,-1.83,6.03,214.6,-26.06,-12.63
154,1715533720110,1.3500000000000003,-1.83,6.03,214.6,-26.06,-12.63
155,1715533720120,1.35,-1.83,6.03,214.6,-26.06,-12.63
156,1715533720130,1.3500000000000003,-1.83,6.03,214.6,-26.06,-12.63
157,1715533720140,1.4366666666666668,-1.6233333333333333,4.43,260.3333333333333,133.76666666666668,11.983333333333333
158,1715533720150,1.53,-1.415,3.415,317.5625,205.2425,15.44
159,1715533720160,1.68,-1.1,2.77,420.65,179.93,-11.11
160,1715533720170,1.68,-1.1,2.77,420.65,179.93,-11.11
161,1715533720180,1.68,-1.1,2.77,420.65,179.93,-11.11
162,1715533720190,1.7175,-1.2975,2.52,420.65,179.93,-11.11
163,1715533720200,1.83,-1.89,1.77,413.33,291.02,-42.05
164,1715533720210,1.83,-1.89,1.7700000000000002,413.33,291.02,-42.05
165,1715533720220,1.83,-1.89,1.7700000000000002,413.33,291.02,-42.05
166,1715533720230,1.7366666666666666,-2.35,1.25,446.45,267.42,-91.04333333333334
167,1715533720240,1.6900000000000002,-2.58,0.9899999999999999,463.01,255.62,-115.54
168,1715533720250,1.6900000000000002,-2.58,0.9899999999999999,463.01,255.62,-115.54
169,1715533720260,1.6900000000000002,-2.58,0.9899999999999999,463.01,255.62,-115.54
170,1715533720270,1.6233333333333333,-2.6,1.0566666666666666,463.01,255.62,-115.54
171,1715533720280,1.49,-2.64,1.19,405.03,234.99,-109.19
172,1715533720290,1.49,-2.64,1.19,405.03,234.99,-109.19
173,1715533720300,1.49,-2.64,1.19,405.03,234.99,-109.19
174,1715533720310,1.3175,-2.2800000000000002,0.8825000000000001,362.0475,230.595,-76.55
175,1715533720320,1.26,-2.16,0.78,347.72,229.13,-65.67
176,1715533720330,1.26,-2.16,0.78,347.72,229.13,-65.67
177,1715533720340,1.26,-2.16,0.7799999999999999,347.72,229.13,-65.67
178,1715533720350,1.1600000000000001,-1.8933333333333333,0.8000000000000002,370.7866666666667,148.47666666666666,-98.75666666666666
179,1715533720360,1.11,-1.76,0.81,382.32,108.15000000000002,-115.3
180,1715533720370,1.11,-1.76,0.81,382.32,108.15,-115.3
181,1715533720380,1.11,-1.76,0.81,382.32,108.15000000000002,-115.3
182,1715533720390,1.11,-1.76,0.81,382.32,108.15000000000002,-115.3
183,1715533720400,1.11,-1.76,0.81,382.32,108.15000000000002,-115.3
184,1715533720410,1.11,-1.76,0.81,382.32,108.15000000000002,-115.3
185,1715533720420,1.11,-1.76,0.81,382.32,108.15,-115.3
186,1715533720430,1.11,-1.76,0.81,382.32,108.15,-115.3
187,1715533720440,1.11,-1.76,0.81,382.32,108.15000000000002,-115.3
188,1715533720450,1.11,-1.76,0.81,382.32,108.15000000000002,-115.3
189,1715533720460,1.11,-1.76,0.81,382.32,108.15000000000002,-115.3
190,1715533720470,1.11,-1.76,0.81,382.32,108.15000000000002,-115.3
191,1715533720480,-0.4,-1.88,-1.28,96.86,240.36,-53.77
192,1715533720490,-0.4,-1.88,-1.28,96.86,240.36,-53.77
193,1715533720500,-1.2333333333333332,-1.6733333333333331,-2.606666666666667,183.81333333333336,44.06666666666667,-70.53666666666668
194,1715533720510,-1.6499999999999997,-1.57,-3.27,227.29,-54.080000000000005,-78.92
195,1715533720520,-1.65,-1.57,-3.27,227.29,-54.08,-78.92
196,1715533720530,-1.65,-1.57,-3.27,227.29,-54.08,-78.92
197,1715533720540,-2.8233333333333337,-2.2033333333333336,-4.79,134.51666666666665,40.12,13.326666666666668
198,1715533720550,-3.41,-2.52,-5.55,88.13,87.21999999999998,59.45000000000001
199,1715533720560,-3.41,-2.52,-5.55,88.13,87.21999999999998,59.45000000000001
200,1715533720570,-3.41,-2.52,-5.55,88.13,87.21999999999998,59.45000000000001
201,1715533720580,-2.13,-1.77,-4.55,-298.95,162.66,159.55
202,1715533720590,-2.13,-1.77,-4.55,-298.95,162.66,159.55
203,1715533720600,-2.13,-1.7700000000000002,-4.55,-298.95,162.66,159.55
204,1715533720610,-2.13,-1.77,-4.55,-298.95,162.66,159.55
205,1715533720620,-2.13,-1.77,-4.55,-298.95,162.66,159.55
206,1715533720630,-2.13,-1.7700000000000002,-4.55,-298.95,162.66,159.55
207,1715533720640,-2.13,-1.77,-4.55,-298.95,162.66,159.55
208,1715533720650,-2.13,-1.77,-4.55,-298.95,162.66,159.55
209,1715533720660,-2.13,-1.77,-4.55,-298.95,162.66,159.55
210,1715533720670,1.83,-2.63,1.45,-374.57,-236.88,257.81
211,1715533720680,1.83,-2.63,1.45,-374.57,-236.88,257.81
212,1715533720690,2.135,-2.32,2.07,-374.57,-236.88,257.81
213,1715533720700,2.44,-2.01,2.69,-371.825,-221.1025,265.67
214,1715533720710,2.44,-2.01,2.69,-363.59,-173.77,289.25
215,1715533720720,2.44,-2.01,2.69,-363.59,-173.77,289.25
216,1715533720730,2.0666666666666664,-1.7833333333333332,2.39,-360.8433333333333,-143.0066666666667,268.17
217,1715533720740,1.88,-1.67,2.24,-355.3500000000001,-81.48,226.01
218,1715533720750,1.88,-1.67,2.24,-355.35,-81.48,226.01
219,1715533720760,1.88,-1.67,2.24,-355.3500000000001,-81.48,226.01
220,1715533720770,1.4533333333333331,-1.5833333333333333,1.8733333333333333,-395.62999999999994,-39.77333333333333,188.7833333333333
221,1715533720780,1.24,-1.54,1.6900000000000002,-415.77,-18.92,170.17
222,1715533720790,1.24,-1.54,1.69,-415.77,-18.92,170.17
223,1715533720800,1.24,-1.54,1.6900000000000002,-415.77,-18.92,170.17
224,1715533720810,1.0066666666666666,-1.5999999999999999,1.3233333333333333,-427.0833333333333,-35.64666666666667,147.42333333333332
225,1715533720820,0.89,-1.63,1.14,-432.74,-44.01,136.05
226,1715533720830,0.89,-1.63,1.14,-432.74,-44.01,136.05
227,1715533720840,0.89,-1.63,1.14,-432.74,-44.01,136.05
228,1715533720850,1.01,-1.3999999999999997,1.34,-446.53,-128.11,142.33
229,1715533720860,1.01,-1.4,1.34,-446.53,-128.11,142.33
230,1715533720870,1.01,-1.3999999999999997,1.34,-446.53,-128.11,142.33
231,1715533720880,1.01,-1.3999999999999997,1.34,-446.53,-128.11,142.33
232,1715533720890,0.93,-1.2133333333333334,1.4733333333333334,-494.42333333333335,-62.07,122.43666666666667
233,1715533720900,0.89,-1.12,1.54,-518.37,-29.05,112.49
234,1715533720910,0.89,-1.12,1.54,-518.37,-29.05,112.49
235,1715533720920,0.89,-1.12,1.54,-518.37,-29.05,112.49
236,1715533720930,0.89,-1.12,1.54,-518.37,-29.05,112.49
237,1715533720940,0.89,-1.12,1.54,-518.37,-29.05,112.49
238,1715533720950,0.89,-1.12,1.54,-518.37,-29.05,112.49
239,1715533720960,0.89,-1.12,1.54,-518.37,-29.05,112.49
240,1715533720970,0.89,-1.12,1.54,-518.37,-29.05,112.49
241,1715533720980,0.89,-1.12,1.54,-518.37,-29.05,112.49
242,1715533720990,0.89,-1.12,1.54,-518.37,-29.05,112.49
243,1715533721000,1.82,-0.04,6.27,-192.8133333333333,-38.800000000000004,35.626666666666665
244,1715533721010,1.82,-0.04,6.27,-124.27,-45.84,39.86
245,1715533721020,1.82,-0.04,6.27,-124.27,-45.84,39.86
246,1715533721030,1.82,-0.04,6.27,-124.27,-45.84,39.86
247,1715533721040,1.82,-0.04,6.27,-124.27,-45.84,39.86
248,1715533721050,2.31,-0.33,6.456666666666666,-19.043333333333333,-36.093333333333334,26.08666666666667
249,1715533721060,3.2900000000000005,-0.91,6.830000000000001,191.41,-16.6,-1.46
250,1715533721070,3.0700000000000003,-1.0125000000000002,6.25,191.41,-16.6,-1.46
251,1715533721080,2.41,-1.32,4.51,173.58,196.04,-114.26
252,1715533721090,2.41,-1.32,4.51,173.58,196.04,-114.26
253,1715533721100,2.41,-1.32,4.51,173.58,196.04,-114.26
254,1715533721110,2.41,-1.32,4.51,173.58,196.04,-114.26
255,1715533721120,2.41,-1.32,4.51,173.58,196.04,-114.26
256,1715533721130,2.41,-1.32,4.51,173.58,196.04,-114.26
257,1715533721140,2.41,-1.32,4.51,173.58,196.04,-114.26
258,1715533721150,2.41,-1.32,4.51,173.58,196.04,-114.26
259,1715533721160,2.41,-1.32,4.51,173.58,196.04,-114.26
260,1715533721170,2.41,-1.32,4.51,173.58,196.04,-114.26
261,1715533721180,2.41,-1.32,4.51,173.58,196.04,-114.26
262,1715533721190,1.74,-0.9900000000000001,2.7733333333333334,308.1266666666667,166.64333333333332,-86.14
263,1715533721200,1.41,-1.1,1.62,391.24,150.57,-102.29
264,1715533721210,1.41,-1.1,1.62,391.24,150.57,-102.29
265,1715533721220,1.41,-1.1,1.62,391.24,150.57,-102.29
266,1715533721230,1.45,-2.18,1.78,437.26,112.395,-144.955
267,1715533721240,1.45,-2.18,1.78,483.28,74.22,-187.62
268,1715533721250,1.45,-2.18,1.78,483.28,74.22,-187.62
269,1715533721260,1.45,-2.18,1.78,483.28,74.22,-187.62
270,1715533721270,1.62,-2.335,1.83,450.99,118.745,-182.16
271,1715533721280,1.79,-2.49,1.88,418.7,163.27,-176.69999999999996
272,1715533721290,1.79,-2.49,1.88,418.7,163.27,-176.7
273,1715533721300,1.8433333333333335,-2.5500000000000003,1.89,418.7,163.27,-176.69999999999996
274,1715533721310,1.95,-2.67,1.91,440.0,144.84,-246.52
275,1715533721320,1.95,-2.67,1.91,440.0,144.84,-246.52
276,1715533721330,1.95,-2.67,1.91,440.0,144.84,-246.52
277,1715533721340,1.83,-2.7066666666666666,1.8566666666666667,406.2266666666667,200.7266666666667,-239.76666666666665
278,1715533721350,1.59,-2.78,1.75,338.68,312.5,-226.26
279,1715533721360,1.59,-2.78,1.75,338.68,312.5,-226.26
280,1715533721370,1.59,-2.78,1.75,338.68,312.5,-226.26
281,1715533721380,1.4366666666666668,-2.6733333333333333,1.1300000000000001,338.1333333333334,314.02666666666664,-195.8033333333333
282,1715533721390,1.13,-2.46,-0.11,337.04,317.08,-134.89
283,1715533721400,1.13,-2.46,-0.11,337.04,317.08,-134.89
284,1715533721410,1.13,-2.46,-0.11,337.04,317.08,-134.89
285,1715533721420,0.49999999999999994,-1.8075,-1.325,266.63,239.9425,-115.2475
286,1715533721430,0.29,-1.59,-1.7299999999999998,243.16,214.23,-108.7
287,1715533721440,0.29,-1.59,-1.7299999999999998,243.16,214.23,-108.7
288,1715533721450,0.29,-1.59,-1.73,243.16,214.23,-108.7
289,1715533721460,0.29,-1.59,-1.7299999999999998,243.16,214.23,-108.7
290,1715533721470,0.29,-1.59,-1.7299999999999998,243.16,214.23,-108.7
291,1715533721480,0.29,-1.59,-1.73,243.16,214.23,-108.7
292,1715533721490,0.29,-1.59,-1.73,243.16,214.23,-108.7
293,1715533721500,0.29,-1.59,-1.7299999999999998,243.16,214.23,-108.7
294,1715533721510,0.29,-1.59,-1.73,243.16,214.23,-108.7
295,1715533721520,-0.10500000000000001,-1.3599999999999999,-2.7800000000000002,163.36,84.01499999999999,-40.955
296,1715533721530,-0.5,-1.13,-3.83,83.56,-46.20000000000001,26.790000000000003
297,1715533721540,-0.48,-1.59,-4.72,54.93,-108.46,111.45
298,1715533721550,-0.48,-1.59,-4.72,54.93,-108.46,111.45
299,1715533721560,-0.48,-1.59,-4.72,54.93,-108.46,111.45
300,1715533721570,-0.48,-1.59,-4.72,54.93,-108.46,111.45
301,1715533721580,-0.605,-1.34,-4.525,-110.10999999999999,-51.544999999999995,126.07
302,1715533721590,-0.73,-1.09,-4.33,-275.15,5.37,140.69
303,1715533721600,-0.73,-1.09,-4.33,-275.15,5.37,140.69
304,1715533721610,-0.32,-1.3500000000000003,-3.3233333333333337,-323.9166666666667,-35.483333333333334,152.85666666666665
305,1715533721620,0.5,-1.87,-1.31,-421.45,-117.19,177.19
306,1715533721630,0.5,-1.87,-1.31,-421.45,-117.19,177.19
307,1715533721640,0.5,-1.87,-1.31,-421.45,-117.19,177.18999999999997
308,1715533721650,0.5,-1.87,-1.31,-421.45,-117.19,177.19
309,1715533721660,0.5,-1.87,-1.31,-421.45,-117.19,177.18999999999997
310,1715533721670,0.5,-1.87,-1.31,-421.45,-117.19,177.18999999999997
311,1715533721680,0.5,-1.87,-1.31,-421.45,-117.19,177.18999999999997
312,1715533721690,0.5,-1.87,-1.31,-421.45,-117.19,177.19
313,1715533721700,0.5,-1.87,-1.31,-421.45,-117.19,177.18999999999997
314,1715533721710,0.9566666666666667,-2.19,0.0866666666666666,-435.05999999999995,-135.64333333333335,193.4433333333333
315,1715533721720,1.87,-2.83,2.88,-462.28,-172.55,225.95
316,1715533721730,1.63,-2.2,2.56,-416.655,-173.77,227.295
317,1715533721740,1.63,-2.2,2.56,-371.03,-174.99,228.64
318,1715533721750,1.63,-2.2,2.56,-371.03,-174.99,228.64
319,1715533721760,1.63,-2.2,2.56,-371.03,-174.99,228.64
320,1715533721770,1.5199999999999998,-1.9966666666666668,2.3800000000000003,-374.0833333333333,-150.67666666666668,219.32000000000002
321,1715533721780,1.3,-1.59,2.02,-380.19,-102.05,200.67999999999998
322,1715533721790,1.3,-1.59,2.02,-380.19,-102.05,200.68
323,1715533721800,1.3,-1.4825,1.965,-380.19,-102.05,200.68
324,1715533721810,1.3,-1.16,1.8,-437.93,-54.77,161.78
325,1715533721820,1.3,-1.16,1.8,-466.8,-31.13,142.33
326,1715533721830,1.3,-1.16,1.8,-466.8,-31.13,142.33
327,1715533721840,1.3,-1.16,1.8,-466.8,-31.13,142.33
328,1715533721850,0.77,-1.12,1.58,-514.59,7.02,-3.85
329,1715533721860,0.77,-1.12,1.58,-514.59,7.02,-3.85
330,1715533721870,0.77,-1.12,1.58,-514.59,7.02,-3.85
331,1715533721880,0.77,-1.12,1.58,-514.59,7.02,-3.85
332,1715533721890,0.386,-1.192,1.6439999999999997,-468.254,-22.476000000000003,-25.426
333,1715533721900,0.29,-1.21,1.66,-456.67,-29.850000000000005,-30.820000000000004
334,1715533721910,0.29,-1.21,1.66,-456.67,-29.85,-30.82
335,1715533721920,0.305,-0.58,2.5975,-391.115,-69.155,-22.825
336,1715533721930,0.31,-0.37,2.91,-325.56,-108.46,-14.83
337,1715533721940,0.31,-0.36999999999999994,2.91,-325.56,-108.46,-14.83
338,1715533721950,0.31,-0.36999999999999994,2.91,-325.56,-108.46,-14.83
339,1715533721960,0.31,-0.36999999999999994,2.91,-325.56,-108.46,-14.83
340,1715533721970,0.31,-0.37,2.91,-325.56,-108.46,-14.83
341,1715533721980,0.31,-0.36999999999999994,2.91,-325.56,-108.46,-14.83
342,1715533721990,0.31,-0.36999999999999994,2.91,-325.56,-108.46,-14.83
343,1715533722000,0.31,-0.37,2.91,-325.56,-108.46,-14.83
344,1715533722010,0.31,-0.36999999999999994,2.91,-325.56,-108.46,-14.83
345,1715533722020,0.31,-0.37,2.91,-325.56,-108.46,-14.83
346,1715533722030,0.31,-0.36999999999999994,2.91,-325.56,-108.46,-14.83
347,1715533722040,0.7866666666666666,-0.9866666666666667,3.733333333333333,-137.37,-40.709999999999994,-44.61666666666667
348,1715533722050,1.74,-2.22,5.38,239.01,94.79,-104.19
349,1715533722060,1.74,-2.22,5.38,239.01,94.79,-104.19
350,1715533722070,1.74,-2.22,5.38,239.01,94.79,-104.19
351,1715533722080,1.53,-2.16,4.3525,230.17499999999998,170.825,-73.6575
352,1715533722090,1.46,-2.14,4.01,227.23,196.17,-63.48
353,1715533722100,1.46,-2.14,4.01,227.23,196.17,-63.48
354,1715533722110,1.46,-2.14,4.01,227.23,196.17,-63.48
355,1715533722120,1.34,-0.88,3.53,266.78,158.39,-3.72
356,1715533722130,1.34,-0.88,3.53,266.78,158.39,-3.72
357,1715533722140,1.34,-0.88,3.53,266.78,158.39,-3.72
358,1715533722150,1.3966666666666667,-0.6433333333333333,3.223333333333333,266.78,158.39,-3.72
359,1715533722160,1.51,-0.17,2.61,266.78,158.39,-3.72
360,1715533722170,1.51,-0.17,2.61,266.78,158.39,-3.72
361,1715533722180,1.51,-0.17,2.61,266.78,158.39,-3.72
362,1715533722190,1.51,-0.17,2.61,266.78,158.39,-3.72
363,1715533722200,1.51,-0.17,2.61,266.78,158.39,-3.72
364,1715533722210,1.51,-0.17,2.61,266.78,158.39,-3.72
365,1715533722220,1.51,-0.17,2.61,266.78,158.39,-3.72
366,1715533722230,1.51,-0.17,2.61,266.78,158.39,-3.72
367,1715533722240,1.3999999999999997,-2.34,1.82,467.1233333333333,115.49666666666667,-111.46999999999998
368,1715533722250,1.4,-2.34,1.82,495.67,83.19,-125.55
369,1715533722260,1.3999999999999997,-2.34,1.82,495.67,83.19,-125.55
370,1715533722270,1.73,-2.17,1.7,454.9,109.01,-132.57
371,1715533722280,1.7299999999999998,-2.17,1.7,454.8999999999999,109.01,-132.57
372,1715533722290,1.73,-2.17,1.7,454.9,109.01,-132.57
373,1715533722300,1.755,-2.1725,1.63,456.17999999999995,97.9325,-154.3125
374,1715533722310,1.83,-2.18,1.42,460.02,64.7,-219.54
375,1715533722320,1.83,-2.18,1.42,460.02,64.7,-219.54
376,1715533722330,1.83,-2.18,1.42,460.02,64.7,-219.54
377,1715533722340,1.7633333333333334,-2.12,1.3566666666666667,428.05999999999995,62.13666666666666,-232.4
378,1715533722350,1.63,-2.0,1.23,364.14,57.01,-258.12
379,1715533722360,1.63,-2.0,1.23,364.14000000000004,57.01,-258.12
380,1715533722370,1.63,-2.0,1.23,364.14000000000004,57.01,-258.12
381,1715533722380,1.5199999999999998,-2.0500000000000003,1.0233333333333332,335.7966666666667,94.50333333333333,-263.5733333333333
382,1715533722390,1.3,-2.15,0.61,279.11,169.49,-274.48
383,1715533722400,1.3,-2.15,0.61,279.11,169.49,-274.48
384,1715533722410,1.3,-2.15,0.61,279.11,169.49,-274.48
385,1715533722420,0.875,-2.2649999999999997,0.04749999999999999,235.10500000000002,179.195,-262.6225
386,1715533722430,-0.4000000000000001,-2.61,-1.64,103.08999999999999,208.31000000000003,-227.05000000000004
387,1715533722440,-0.4,-2.61,-1.64,103.09,208.31,-227.05
388,1715533722450,-0.4000000000000001,-2.61,-1.64,103.08999999999999,208.31000000000003,-227.05000000000004
389,1715533722460,-0.79,-2.055,-2.0825,103.09,208.31,-227.05
390,1715533722470,-0.92,-1.87,-2.23,78.37,57.74,-27.95
391,1715533722480,-0.92,-1.87,-2.23,78.37,57.74,-27.95
392,1715533722490,-0.92,-1.87,-2.23,78.37,57.74,-27.95
393,1715533722500,-0.92,-1.87,-2.23,78.37,57.74,-27.95
394,1715533722510,-0.92,-1.87,-2.23,78.37,57.74,-27.95
395,1715533722520,-0.92,-1.87,-2.23,78.37,57.74,-27.95
396,1715533722530,-0.92,-1.87,-2.23,78.37,57.74,-27.95
397,1715533722540,-0.92,-1.87,-2.23,78.37,57.74,-27.95
398,1715533722550,-0.92,-1.87,-2.23,78.37,57.74,-27.95
399,1715533722560,-0.92,-1.87,-2.23,78.37,57.74,-27.95
400,1715533722570,-1.19,-0.96,-3.59,-75.97,23.173333333333332,88.96999999999998
401,1715533722580,-1.42,-0.4,-4.19,-246.4,32.23,171.39
402,1715533722590,-1.42,-0.4000000000000001,-4.19,-246.4,32.23,171.39
403,1715533722600,-1.42,-0.4,-4.19,-246.4,32.23,171.39
404,1715533722610,-0.715,-0.915,-3.305,-292.3,-37.535,197.055
405,1715533722620,-0.01,-1.43,-2.42,-338.2,-107.3,222.72
406,1715533722630,-0.01,-1.43,-2.42,-338.2,-107.3,222.72
407,1715533722640,-0.01,-1.43,-2.42,-338.2,-107.3,222.72
408,1715533722650,0.4475,-1.7249999999999999,-1.6949999999999998,-367.8625,-120.345,226.7475
409,1715533722660,1.82,-2.61,0.48,-456.8500000000001,-159.48,238.83
410,1715533722670,1.82,-2.61,0.48,-456.85,-159.48,238.83
411,1715533722680,1.82,-2.61,0.48,-456.8500000000001,-159.48,238.83
412,1715533722690,1.82,-2.61,0.48,-456.8500000000001,-159.48,238.83
413,1715533722700,1.82,-2.61,0.48,-456.8500000000001,-159.48,238.83
414,1715533722710,2.19,-2.8449999999999998,1.615,-466.555,-197.96499999999997,239.53
415,1715533722720,2.56,-3.08,2.75,-476.26,-236.45,240.23
416,1715533722730,1.89,-2.76,2.88,-430.48,-228.7,228.97
417,1715533722740,1.89,-2.76,2.8800000000000003,-384.7,-220.94999999999996,217.71
418,1715533722750,1.89,-2.76,2.88,-384.7,-220.95,217.71
419,1715533722760,1.89,-2.76,2.8800000000000003,-384.7,-220.94999999999996,217.71
420,1715533722770,1.6766666666666667,-2.1,2.5933333333333333,-348.44666666666666,-169.27,233.01
421,1715533722780,1.57,-1.77,2.45,-330.32,-143.43,240.66
422,1715533722790,1.57,-1.7700000000000002,2.45,-330.32,-143.43,240.66
423,1715533722800,1.57,-1.77,2.45,-330.32,-143.43,240.66
424,1715533722810,1.4366666666666668,-1.2766666666666666,2.1166666666666667,-352.74,-57.73666666666667,203.63333333333333
425,1715533722820,1.37,-1.03,1.95,-363.95,-14.89,185.12
426,1715533722830,1.37,-1.03,1.95,-363.95,-14.89,185.12
427,1715533722840,1.1775,-0.9725,1.7425,-403.5625,7.447499999999998,150.405
428,1715533722850,0.6,-0.8000000000000002,1.12,-522.4,74.46,46.26
429,1715533722860,0.6,-0.8,1.12,-522.4,74.46,46.26
430,1715533722870,0.6,-0.8000000000000002,1.12,-522.4,74.46,46.26
431,1715533722880,0.3466666666666667,-0.8733333333333334,1.5,-501.99333333333334,34.196666666666665,32.26333333333333
432,1715533722890,0.22,-0.91,1.69,-461.18,-46.33,4.27
433,1715533722900,0.22,-0.91,1.6900000000000002,-461.18,-46.330000000000005,4.27
434,1715533722910,0.22,-0.91,1.6900000000000002,-461.18,-46.330000000000005,4.27
435,1715533722920,0.46499999999999997,-0.55,2.645,-416.20000000000005,-90.58000000000001,-1.6500000000000004
436,1715533722930,0.71,-0.19000000000000003,3.6,-371.22,-134.83,-7.57
437,1715533722940,0.71,-0.19000000000000003,3.6,-371.22,-134.83,-7.57
438,1715533722950,0.71,-0.19000000000000003,3.6,-371.22,-134.83,-7.57
439,1715533722960,0.79,-0.11,4.535,-301.21000000000004,-72.48,-2.535
440,1715533722970,0.87,-0.03,5.47,-231.19999999999996,-10.13,2.5
441,1715533722980,0.87,-0.03,5.47,-231.19999999999996,-10.13,2.5
442,1715533722990,0.87,-0.03,5.47,-231.19999999999996,-10.13,2.5
443,1715533723000,1.12,-0.48,5.61,97.17,3.6,-26.0
444,1715533723010,1.12,-0.48,5.61,97.17,3.6,-26.0
445,1715533723020,1.12,-0.48,5.61,97.17,3.6,-26.0
446,1715533723030,1.12,-0.48,5.61,97.17,3.6,-26.0
447,1715533723040,1.12,-0.48,5.61,97.17,3.6,-26.0
448,1715533723050,1.12,-0.48,5.61,97.17,3.6,-26.0
449,1715533723060,1.12,-0.48,5.61,97.17,3.6,-26.0
450,1715533723070,1.12,-0.48,5.61,97.17,3.6,-26.0
451,1715533723080,1.12,-0.48,5.61,97.17,3.6,-26.0
452,1715533723090,1.12,-0.48,5.61,97.17,3.6,-26.0
453,1715533723100,2.02,-1.83,4.41,240.66,125.12,-31.62
454,1715533723110,2.02,-1.83,4.41,240.66,125.12,-31.62
455,1715533723120,1.51,-1.2525,3.3675,242.8125,177.4475,-30.5175
456,1715533723130,1.34,-1.06,3.02,243.53,194.89,-30.149999999999995
457,1715533723140,1.34,-1.06,3.02,243.53,194.89,-30.15
458,1715533723150,1.34,-1.06,3.02,243.53,194.89,-30.15
459,1715533723160,1.18,-0.7200000000000001,2.14,335.94,181.58,-15.63
460,1715533723170,1.18,-0.72,2.14,335.94,181.58,-15.63
461,1715533723180,1.18,-0.72,2.14,335.94,181.58,-15.63
462,1715533723190,1.34,-1.39,1.5,405.27,169.62,-73.61
463,1715533723200,1.34,-1.39,1.5,405.27,169.62,-73.61
464,1715533723210,1.34,-1.39,1.5,405.27,169.62,-73.61
465,1715533723220,1.34,-1.39,1.5,405.27,169.62,-73.61
466,1715533723230,1.23,-1.99,1.2,438.0975,147.0075,-108.17
467,1715533723240,1.23,-1.99,1.2,449.04,139.47,-119.69
468,1715533723250,1.23,-1.99,1.2,449.04,139.47,-119.69
469,1715533723260,1.23,-1.99,1.2,449.04,139.47,-119.69
470,1715533723270,1.12,-1.83,1.02,407.08666666666664,144.71666666666667,-124.73666666666668
471,1715533723280,1.12,-1.83,1.02,386.10999999999996,147.34,-127.26
472,1715533723290,1.12,-1.83,1.02,386.10999999999996,147.34,-127.26
473,1715533723300,1.0825,-1.8050000000000002,1.0275,386.11,147.34,-127.26
474,1715533723310,0.97,-1.73,1.05,335.27,153.32,-119.14
475,1715533723320,0.97,-1.73,1.05,335.27,153.32,-119.14
476,1715533723330,0.9700000000000001,-1.7299999999999998,1.05,335.27,153.32,-119.14
477,1715533723340,0.98,-1.63,0.92,335.27,153.32,-119.14
478,1715533723350,1.0,-1.43,0.66,302.19,179.08,-112.37
479,1715533723360,1.0,-1.43,0.66,302.19,179.08,-112.37
480,1715533723370,1.0,-1.43,0.66,302.19,179.08,-112.37
481,1715533723380,1.1666666666666667,-1.25,0.7200000000000001,259.1366666666667,155.72,-133.24333333333334
482,1715533723390,1.25,-1.16,0.75,237.61,144.04,-143.68
483,1715533723400,1.25,-1.16,0.75,237.61,144.04,-143.68
484,1715533723410,1.25,-1.16,0.75,237.61,144.04,-143.68
485,1715533723420,1.33,-1.1333333333333333,0.5499999999999999,197.10333333333335,194.2733333333333,-153.30333333333334
486,1715533723430,1.49,-1.08,0.15,116.09,294.74,-172.55
487,1715533723440,1.49,-1.08,0.15,116.08999999999999,294.74,-172.55000000000004
488,1715533723450,1.49,-1.08,0.15,116.09,294.74,-172.55
489,1715533723460,0.38999999999999996,-0.9499999999999998,-1.54,15.38,316.16,-158.94
490,1715533723470,0.38999999999999996,-0.9499999999999998,-1.54,15.38,316.16,-158.94
491,1715533723480,0.39,-0.95,-1.54,15.38,316.16,-158.94
492,1715533723490,0.38999999999999996,-0.9499999999999998,-1.54,15.38,316.16,-158.94
493,1715533723500,-0.53,0.0,-4.45,103.4075,152.1875,-111.33
494,1715533723510,-0.53,0.0,-4.45,132.75,97.53000000000002,-95.46
495,1715533723520,-0.53,0.0,-4.45,132.75,97.53,-95.46
496,1715533723530,-0.53,0.0,-4.45,132.75,97.53000000000002,-95.46
497,1715533723540,-0.53,0.0,-4.45,132.75,97.53000000000002,-95.46
498,1715533723550,-0.53,0.0,-4.45,132.75,97.53,-95.46
499,1715533723560,-0.53,0.0,-4.45,132.75,97.53,-95.46
500,1715533723570,-0.53,0.0,-4.45,132.75,97.53,-95.46
501,1715533723580,-0.53,0.0,-4.45,132.75,97.53,-95.46
502,1715533723590,-0.53,0.0,-4.45,132.75,97.53000000000002,-95.46
503,1715533723600,-0.53,0.0,-4.45,132.75,97.53,-95.46
504,1715533723610,-0.53,0.0,-4.45,132.75,97.53000000000002,-95.46
505,1715533723620,0.55,-1.0125000000000002,-2.4025,-141.54,-132.1275,148.2075
506,1715533723630,0.91,-1.3500000000000003,-1.72,-232.97,-208.67999999999998,229.42999999999998
507,1715533723640,0.91,-1.35,-1.72,-232.97,-208.68,229.43
508,1715533723650,1.57,-1.445,-0.45,-280.67,-224.06,234.04000000000002
509,1715533723660,2.23,-1.54,0.82,-328.37,-239.43999999999997,238.65
510,1715533723670,2.23,-1.54,0.82,-328.37,-239.44,238.65
511,1715533723680,2.23,-1.54,0.82,-328.37,-239.43999999999997,238.65
512,1715533723690,2.01,-1.62,2.01,-379.7,-198.97,163.45
513,1715533723700,2.01,-1.62,2.01,-379.7,-198.97,163.45
514,1715533723710,2.01,-1.62,2.01,-379.7,-198.97,163.45
515,1715533723720,2.01,-1.62,2.01,-379.7,-198.97,163.45
516,1715533723730,2.01,-1.62,2.01,-379.7,-198.97,163.45
517,1715533723740,2.01,-1.62,2.01,-379.7,-198.97,163.45
518,1715533723750,2.01,-1.62,2.01,-379.7,-198.97,163.45
519,1715533723760,2.01,-1.62,2.01,-379.7,-198.97,163.45
520,1715533723770,2.01,-1.62,2.01,-379.7,-198.97,163.45
521,1715533723780,2.01,-1.62,2.01,-379.7,-198.97,163.45
522,1715533723790,2.01,-1.62,2.01,-379.7,-198.97,163.45
523,1715533723800,2.01,-1.62,2.01,-379.7,-198.97,163.45
524,1715533723810,1.49,-1.61,1.64,-386.92,-172.73000000000002,87.07666666666665
525,1715533723820,0.96,-1.67,1.23,-411.74,-145.94,1.59
526,1715533723830,0.96,-1.67,1.23,-411.74,-145.94,1.59
527,1715533723840,0.8133333333333334,-1.6900000000000002,1.0433333333333332,-425.0466666666667,-145.91666666666666,1.2233333333333334
528,1715533723850,0.7399999999999999,-1.7,0.9499999999999998,-451.66,-145.87,0.49
529,1715533723860,0.7399999999999999,-1.7,0.9499999999999998,-451.66,-145.87,0.49
530,1715533723870,0.7399999999999999,-1.7,0.9499999999999998,-451.66,-145.87,0.49
531,1715533723880,0.7275,-1.585,1.005,-422.45500000000004,-168.6375,9.355
532,1715533723890,0.69,-1.24,1.17,-334.84,-236.93999999999997,35.95
533,1715533723900,0.69,-1.24,1.17,-334.84,-236.93999999999997,35.95
534,1715533723910,0.69,-1.24,1.17,-334.84,-236.93999999999997,35.95
535,1715533723920,0.9166666666666666,-0.9400000000000001,2.0100000000000002,-374.47333333333336,-232.38,-12.956666666666663
536,1715533723930,1.03,-0.79,2.43,-394.29,-230.1,-37.41
537,1715533723940,1.03,-0.79,2.43,-394.29,-230.1,-37.41
538,1715533723950,1.03,-0.79,2.43,-394.29,-230.1,-37.41
539,1715533723960,1.51,-0.8099999999999999,5.303333333333334,-360.66,-188.61666666666667,-26.526666666666667
540,1715533723970,1.75,-0.82,6.739999999999999,-293.4,-105.65000000000002,-4.76
541,1715533723980,1.75,-0.82,6.739999999999999,-293.4,-105.65000000000002,-4.76
542,1715533723990,1.75,-0.82,6.74,-293.4,-105.65,-4.76
543,1715533724000,1.29,-0.9450000000000001,7.04,-166.87,-58.685,-23.895
544,1715533724010,0.83,-1.07,7.34,-40.34,-11.72,-43.03
545,1715533724020,0.83,-1.07,7.34,-40.34,-11.72,-43.03
546,1715533724030,0.83,-1.07,7.34,-40.34,-11.72,-43.03
547,1715533724040,1.6000000000000003,-0.7600000000000001,6.97,204.77,2.08,31.74
548,1715533724050,1.6,-0.76,6.97,204.77,2.08,31.74
549,1715533724060,1.6000000000000003,-0.7600000000000001,6.97,204.77,2.08,31.74
550,1715533724070,1.6000000000000003,-0.7600000000000001,6.97,204.77,2.08,31.74
551,1715533724080,1.6000000000000003,-0.7600000000000001,6.97,204.77,2.08,31.74
552,1715533724090,1.6000000000000003,-0.7600000000000001,6.97,204.77,2.08,31.74
553,1715533724100,1.6000000000000003,-0.7600000000000001,6.97,204.77,2.08,31.74
554,1715533724110,1.6000000000000003,-0.7600000000000001,6.97,204.77,2.08,31.74
555,1715533724120,1.6000000000000003,-0.7600000000000001,6.97,204.77,2.08,31.74
556,1715533724130,1.6,-0.76,6.97,204.77,2.08,31.74
557,1715533724140,1.6000000000000003,-0.7600000000000001,6.97,204.77,2.08,31.74
558,1715533724150,1.3825,-0.9475,3.4275,335.28249999999997,148.575,-19.7325
559,1715533724160,1.32,-1.1,1.8,405.46,197.14,-48.1
560,1715533724170,1.32,-1.1,1.8,405.46,197.14,-48.1
561,1715533724180,1.32,-1.1,1.8,405.46,197.14,-48.1
562,1715533724190,1.3125,-1.5875,1.3425,416.445,194.855,-77.94500000000001
563,1715533724200,1.31,-1.75,1.19,427.43,192.57000000000002,-107.79
564,1715533724210,1.31,-1.75,1.19,427.43,192.57000000000002,-107.79
565,1715533724220,1.31,-1.75,1.19,427.43,192.57,-107.79
566,1715533724230,1.3624999999999998,-1.9224999999999999,1.2725,387.3725,201.405,-133.9725
567,1715533724240,1.38,-1.9799999999999998,1.3,374.02,204.35,-142.7
568,1715533724250,1.38,-1.98,1.3,374.02,204.35,-142.7
569,1715533724260,1.38,-1.9799999999999998,1.3,374.02,204.35,-142.7
570,1715533724270,1.38,-1.98,1.3,374.02,204.35,-142.7
571,1715533724280,1.38,-1.9799999999999998,1.3,374.02,204.35,-142.7
572,1715533724290,1.38,-1.98,1.3,374.02,204.35,-142.7
573,1715533724300,1.38,-1.9799999999999998,1.3,374.02,204.35,-142.7
574,1715533724310,1.38,-1.9799999999999998,1.3,374.02,204.35,-142.7
575,1715533724320,1.38,-1.98,1.3,374.02,204.35,-142.7
576,1715533724330,1.38,-1.98,1.3,374.02,204.35,-142.7
577,1715533724340,1.31,-1.82,1.03,316.1,196.96,-136.11
578,1715533724350,1.37,-1.42,0.84,250.85,233.64,-128.48
579,1715533724360,1.37,-1.42,0.84,250.85,233.64,-128.48
580,1715533724370,1.37,-1.42,0.84,250.85,233.64,-128.48
581,1715533724380,1.46,-1.22,0.69,208.92,273.62,-116.27
582,1715533724390,1.46,-1.22,0.69,208.92,273.62,-116.27
583,1715533724400,1.46,-1.22,0.69,208.92,273.62,-116.27
584,1715533724410,1.46,-1.22,0.69,208.92,273.62,-116.27
585,1715533724420,1.13,-1.19,-0.73,119.61,306.485,-133.85
586,1715533724430,1.13,-1.19,-0.73,89.84,317.44,-139.71
587,1715533724440,1.13,-1.19,-0.73,89.83999999999999,317.44,-139.71
588,1715533724450,1.13,-1.19,-0.73,89.83999999999999,317.44,-139.71
589,1715533724460,-0.01,-0.59,-2.57,71.35,209.96,-15.56
590,1715533724470,-0.01,-0.59,-2.57,71.35,209.96,-15.56
591,1715533724480,-0.01,-0.59,-2.57,71.35,209.96,-15.56
592,1715533724490,-0.09000000000000001,-0.4566666666666666,-3.28,60.32333333333333,138.63000000000002,-3.2733333333333334
593,1715533724500,-0.25,-0.19,-4.7,38.27,-4.03,21.3
594,1715533724510,-0.25,-0.19000000000000003,-4.7,38.27,-4.03,21.3
595,1715533724520,-0.25,-0.19,-4.7,38.27,-4.03,21.3
596,1715533724530,-0.25,-0.19000000000000003,-4.7,38.27,-4.03,21.3
597,1715533724540,-0.0175,-0.0175,-4.8500000000000005,2.060000000000001,-49.9,80.85749999999999
598,1715533724550,0.06,0.04,-4.9,-10.01,-65.19,100.71
599,1715533724560,0.06,0.04,-4.9,-10.01,-65.19,100.71
600,1715533724570,0.0675,0.085,-4.6375,-82.8425,-130.5525,130.28249999999997
601,1715533724580,0.07,0.10000000000000002,-4.55,-107.12,-152.34,140.14
602,1715533724590,0.07,0.10000000000000002,-4.55,-107.12,-152.34,140.14
603,1715533724600,0.07,0.1,-4.55,-107.12,-152.34,140.14
604,1715533724610,0.07,0.10000000000000002,-4.55,-107.12,-152.34,140.14
605,1715533724620,0.07,0.10000000000000002,-4.55,-107.12,-152.34,140.14
606,1715533724630,0.07,0.1,-4.55,-107.12,-152.34,140.14
607,1715533724640,0.07,0.10000000000000002,-4.55,-107.12,-152.34,140.14
608,1715533724650,0.07,0.1,-4.55,-107.12,-152.34,140.14
609,1715533724660,0.07,0.10000000000000002,-4.55,-107.12,-152.34,140.14
610,1715533724670,1.2774999999999999,-1.4075,-0.065,-344.8775,-191.39249999999998,140.32
611,1715533724680,1.68,-1.91,1.43,-424.12999999999994,-204.41,140.38
612,1715533724690,1.32,-2.17,2.22,-403.5,-193.3,87.22
613,1715533724700,1.32,-2.17,2.22,-403.5,-193.3,87.22
614,1715533724710,1.32,-2.17,2.22,-403.5,-193.30000000000004,87.21999999999998
615,1715533724720,1.275,-2.085,2.0625,-375.76,-209.3975,84.1375
616,1715533724730,1.14,-1.83,1.59,-292.54,-257.69,74.89
617,1715533724740,1.14,-1.83,1.59,-292.54,-257.69,74.89
618,1715533724750,1.14,-1.83,1.59,-292.54,-257.69,74.89
619,1715533724760,1.1433333333333333,-1.7400000000000002,1.58,-297.91,-246.84666666666666,75.11333333333333
620,1715533724770,1.15,-1.5599999999999998,1.5599999999999998,-308.65,-225.16,75.56
621,1715533724780,1.15,-1.56,1.56,-308.65,-225.16,75.56
622,1715533724790,1.15,-1.5599999999999998,1.5599999999999998,-308.65,-225.16,75.56
623,1715533724800,1.15,-1.5599999999999998,1.5599999999999998,-308.65,-225.16,75.56
624,1715533724810,1.15,-1.5599999999999998,1.5599999999999998,-308.65,-225.16,75.56
625,1715533724820,1.15,-1.5599999999999998,1.5599999999999998,-308.65,-225.16,75.56
626,1715533724830,1.15,-1.5599999999999998,1.5599999999999998,-308.65,-225.16,75.56
627,1715533724840,1.15,-1.5599999999999998,1.5599999999999998,-308.65,-225.16,75.56
628,1715533724850,1.15,-1.5599999999999998,1.5599999999999998,-308.65,-225.16,75.56
629,1715533724860,1.0766666666666667,-1.4666666666666668,1.14,-402.40333333333336,-149.6,25.30666666666667
630,1715533724870,1.04,-1.42,0.93,-449.28,-111.82,0.18000000000000002
631,1715533724880,1.14,-1.39,1.49,-412.3500000000001,-175.11,-42.42
632,1715533724890,1.14,-1.39,1.49,-412.35,-175.11,-42.42
633,1715533724900,1.14,-1.39,1.49,-412.3500000000001,-175.11,-42.42
634,1715533724910,1.14,-1.39,1.49,-412.3500000000001,-175.11,-42.42
635,1715533724920,0.9499999999999998,-0.69,2.78,-434.77,-155.41666666666666,-64.14666666666666
636,1715533724930,0.95,-0.69,2.78,-445.98,-145.57,-75.01
637,1715533724940,0.9499999999999998,-0.69,2.78,-445.98,-145.57,-75.01
638,1715533724950,0.9499999999999998,-0.69,2.78,-445.98,-145.57,-75.01
639,1715533724960,0.85,-0.39666666666666667,4.793333333333333,-369.60666666666674,-82.37666666666667,-94.09666666666668
640,1715533724970,0.8000000000000002,-0.25,5.8,-331.42,-50.78,-103.64
641,1715533724980,0.8,-0.25,5.8,-331.42,-50.78,-103.64
642,1715533724990,0.8000000000000002,-0.25,5.8,-331.42,-50.78,-103.64
643,1715533725000,0.8000000000000002,-0.25,5.8,-331.42,-50.78,-103.64
644,1715533725010,0.66,-1.31,8.0,-20.45,-73.0,-43.76
645,1715533725020,0.66,-1.31,8.0,-20.45,-73.0,-43.76
646,1715533725030,0.8325,-1.5325000000000002,7.78,51.190000000000005,-37.5375,-48.3225
647,1715533725040,1.3500000000000003,-2.2,7.12,266.11,68.85,-62.01
648,1715533725050,1.35,-2.2,7.12,266.11,68.85,-62.01
649,1715533725060,1.3500000000000003,-2.2,7.12,266.11,68.85,-62.01
650,1715533725070,1.185,-1.7750000000000001,5.59,293.09000000000003,120.73,-21.36
651,1715533725080,1.02,-1.35,4.06,320.07,172.61,19.29
652,1715533725090,1.02,-1.35,4.06,320.07,172.61,19.29
653,1715533725100,1.02,-1.35,4.06,320.07,172.61,19.29
654,1715533725110,1.02,-1.3500000000000003,4.06,320.07,172.61,19.29
655,1715533725120,1.02,-1.35,4.06,320.07,172.61,19.29
656,1715533725130,1.02,-1.3500000000000003,4.06,320.07,172.61,19.29
657,1715533725140,1.02,-1.35,4.06,320.07,172.61,19.29
658,1715533725150,1.02,-1.35,4.06,320.07,172.61,19.29
659,1715533725160,1.02,-1.35,4.06,320.07,172.61,19.29
660,1715533725170,1.02,-1.3500000000000003,4.06,320.07,172.61,19.29
661,1715533725180,1.02,-1.35,4.06,320.07,172.61,19.29
662,1715533725190,1.02,-1.3500000000000003,4.06,320.07,172.61,19.29
663,1715533725200,1.76,-1.99,1.41,410.95,243.23,-125.49
664,1715533725210,1.76,-1.99,1.41,410.95,243.23,-125.49
665,1715533725220,1.76,-1.99,1.41,410.95,243.23,-125.49
666,1715533725230,1.9,-2.32,1.46,394.685,248.995,-115.08500000000001
667,1715533725240,1.8999999999999997,-2.32,1.46,378.42,254.76,-104.68
668,1715533725250,1.8999999999999997,-2.32,1.46,378.42,254.76,-104.68
669,1715533725260,1.9400000000000002,-2.2966666666666664,1.3866666666666667,358.42,263.1033333333333,-109.42
670,1715533725270,2.02,-2.25,1.24,318.42,279.79,-118.90000000000002
671,1715533725280,2.02,-2.25,1.24,318.42,279.79,-118.9
672,1715533725290,2.02,-2.25,1.24,318.42,279.79,-118.9
673,1715533725300,2.02,-2.25,1.24,318.42,279.79,-118.90000000000002
674,1715533725310,2.02,-2.25,1.24,318.42,279.79,-118.90000000000002
675,1715533725320,2.02,-2.25,1.24,318.42,279.79,-118.9
676,1715533725330,2.02,-2.25,1.24,318.42,279.79,-118.90000000000002
677,1715533725340,2.02,-2.25,1.24,318.42,279.79,-118.90000000000002
678,1715533725350,2.02,-2.25,1.24,318.42,279.79,-118.9
679,1715533725360,2.02,-2.25,1.24,318.42,279.79,-118.90000000000002
680,1715533725370,2.02,-2.25,1.24,318.42,279.79,-118.90000000000002
681,1715533725380,2.02,-2.25,1.24,318.42,279.79,-118.90000000000002
682,1715533725390,1.08,-1.46,-0.41,245.18,255.55,-73.3
683,1715533725400,1.08,-1.46,-0.41,245.17999999999998,255.55000000000004,-73.3
684,1715533725410,1.08,-1.46,-0.41,245.17999999999998,255.55000000000004,-73.3
685,1715533725420,0.69,-1.27,-1.06,95.08999999999999,211.06000000000003,-49.5
686,1715533725430,0.69,-1.27,-1.06,95.08999999999999,211.06000000000003,-49.5
687,1715533725440,0.69,-1.27,-1.06,95.08999999999999,211.06000000000003,-49.5
688,1715533725450,0.69,-1.27,-1.06,95.08999999999999,211.06000000000003,-49.5
689,1715533725460,0.5,-0.15,-2.97,-50.66,190.98,16.85
690,1715533725470,0.5,-0.15,-2.97,-50.66,190.98,16.85
691,1715533725480,0.5,-0.15,-2.97,-50.66,190.98,16.85
692,1715533725490,0.5,-0.15,-2.97,-50.66,190.98,16.85
693,1715533725500,-0.002500000000000009,0.42,-4.5375,-94.235,42.8475,-29.432499999999997
694,1715533725510,-0.17,0.61,-5.06,-108.76,-6.53,-44.85999999999999
695,1715533725520,-0.17,0.61,-5.06,-108.76,-6.53,-44.85999999999999
696,1715533725530,-0.036666666666666674,0.6933333333333334,-4.703333333333333,-108.76,-6.53,-44.85999999999999
697,1715533725540,0.23,0.86,-3.99,-63.35,-52.73,56.15
698,1715533725550,0.23,0.86,-3.99,-63.35,-52.73,56.15
699,1715533725560,0.23,0.86,-3.99,-63.35,-52.73,56.15
700,1715533725570,0.26333333333333336,0.7566666666666667,-3.91,-77.43,-75.64,68.88666666666667
701,1715533725580,0.33,0.55,-3.75,-105.58999999999999,-121.46,94.36
702,1715533725590,0.33,0.55,-3.75,-105.58999999999999,-121.46,94.36
703,1715533725600,0.33,0.55,-3.75,-105.59,-121.46,94.36
704,1715533725610,0.6766666666666667,0.1666666666666667,-2.9033333333333338,-158.89333333333335,-124.42999999999999,91.16666666666667
705,1715533725620,1.37,-0.6,-1.21,-265.5,-130.37,84.78
706,1715533725630,1.37,-0.6,-1.21,-265.5,-130.37,84.78
707,1715533725640,1.37,-0.6,-1.21,-265.5,-130.37,84.78
708,1715533725650,1.37,-0.6,-1.21,-265.5,-130.37,84.78
709,1715533725660,1.37,-0.6,-1.21,-265.5,-130.37,84.78
710,1715533725670,1.37,-0.6,-1.21,-265.5,-130.37,84.78
711,1715533725680,1.37,-0.6,-1.21,-265.5,-130.37,84.78
712,1715533725690,1.37,-0.6,-1.21,-265.5,-130.37,84.78
713,1715533725700,1.37,-0.6,-1.21,-265.5,-130.37,84.78
714,1715533725710,1.37,-0.6,-1.21,-265.5,-130.37,84.78
715,1715533725720,1.46,-2.3075,1.94,-447.2525,-245.2375,-24.4125
716,1715533725730,1.19,-2.54,1.9400000000000002,-400.87999999999994,-262.63,-26.61
717,1715533725740,1.19,-2.54,1.9400000000000002,-400.87999999999994,-262.63,-26.61
718,1715533725750,1.19,-2.54,1.94,-400.88,-262.63,-26.61
719,1715533725760,1.1933333333333334,-2.42,1.8966666666666665,-373.9633333333333,-280.6766666666667,-21.929999999999996
720,1715533725770,1.2,-2.18,1.8099999999999998,-320.13,-316.77,-12.57
721,1715533725780,1.2,-2.18,1.8099999999999998,-320.13,-316.77,-12.57
722,1715533725790,1.2,-2.18,1.8099999999999998,-320.13,-316.77,-12.57
723,1715533725800,1.12,-2.05,1.645,-347.14,-284.76,13.489999999999998
724,1715533725810,1.04,-1.92,1.4799999999999998,-374.1499999999999,-252.75,39.55
725,1715533725820,1.04,-1.92,1.48,-374.15,-252.75,39.55
726,1715533725830,1.04,-1.92,1.48,-374.15,-252.75,39.55
727,1715533725840,1.04,-1.92,1.4799999999999998,-374.1499999999999,-252.75,39.55
728,1715533725850,1.04,-1.92,1.48,-374.15,-252.75,39.55
729,1715533725860,1.04,-1.92,1.48,-374.15,-252.75,39.55
730,1715533725870,1.04,-1.92,1.4799999999999998,-374.1499999999999,-252.75,39.55
731,1715533725880,1.04,-1.92,1.4799999999999998,-374.1499999999999,-252.75,39.55
732,1715533725890,1.04,-1.92,1.4799999999999998,-374.1499999999999,-252.75,39.55
733,1715533725900,1.04,-1.92,1.48,-374.15,-252.75,39.55
734,1715533725910,0.8866666666666667,-1.3333333333333333,1.8533333333333335,-431.3166666666666,-186.75,15.096666666666666
735,1715533725920,0.5175,-0.62,2.6475,-446.5475,-147.31,-3.1275000000000004
736,1715533725930,0.42,-0.48,2.85,-406.49,-127.99,-21.12
737,1715533725940,0.42,-0.48,2.85,-406.49,-127.99,-21.12
738,1715533725950,0.42,-0.48,2.85,-406.49,-127.99,-21.12
739,1715533725960,-0.05000000000000001,-0.59,5.07,-314.51,-82.76,-21.06
740,1715533725970,-0.05000000000000001,-0.59,5.07,-314.51,-82.76,-21.06
741,1715533725980,-0.05000000000000001,-0.59,5.07,-314.51,-82.76,-21.06
742,1715533725990,-0.05000000000000001,-0.59,5.07,-314.51,-82.76,-21.06
743,1715533726000,0.5349999999999999,-1.3475000000000001,7.08,-120.1925,-15.927500000000002,-26.37
744,1715533726010,0.73,-1.6000000000000003,7.75,-55.419999999999995,6.349999999999999,-28.14
745,1715533726020,0.73,-1.6,7.75,-55.42,6.35,-28.14
746,1715533726030,0.8033333333333333,-2.1333333333333333,7.1933333333333325,-55.419999999999995,6.349999999999999,-28.14
747,1715533726040,0.95,-3.2,6.08,263.67,68.12,-17.03
748,1715533726050,0.9499999999999998,-3.2000000000000006,6.080000000000001,263.67,68.12,-17.03
749,1715533726060,0.9499999999999998,-3.2000000000000006,6.080000000000001,263.67,68.12,-17.03
750,1715533726070,0.8866666666666667,-3.0566666666666666,5.41,281.55333333333334,73.75333333333333,-17.763333333333335
751,1715533726080,0.7600000000000001,-2.77,4.07,317.32,85.02,-19.23
752,1715533726090,0.76,-2.77,4.07,317.32,85.02,-19.23
753,1715533726100,0.76,-2.77,4.07,317.32,85.02,-19.23
754,1715533726110,0.9133333333333334,-1.8233333333333335,3.176666666666667,317.32,85.02,-19.23
755,1715533726120,0.99,-1.35,2.73,354.06,92.22,89.23
756,1715533726130,0.9899999999999999,-1.3500000000000003,2.73,354.06,92.21999999999998,89.23
757,1715533726140,0.99,-1.35,2.73,354.06,92.22,89.23
758,1715533726150,0.99,-1.35,2.73,354.06,92.22,89.23
759,1715533726160,0.99,-1.35,2.73,354.06,92.22,89.23
760,1715533726170,0.9899999999999999,-1.3500000000000003,2.73,354.06,92.21999999999998,89.23
761,1715533726180,0.99,-1.35,2.73,354.06,92.22,89.23
762,1715533726190,0.9899999999999999,-1.3500000000000003,2.73,354.06,92.21999999999998,89.23
763,1715533726200,0.9899999999999999,-1.3500000000000003,2.73,354.06,92.21999999999998,89.23
764,1715533726210,0.9899999999999999,-1.3500000000000003,2.73,354.06,92.21999999999998,89.23
765,1715533726220,0.9899999999999999,-1.3500000000000003,2.73,354.06,92.21999999999998,89.23
766,1715533726230,0.9899999999999999,-1.3500000000000003,2.73,354.06,92.21999999999998,89.23
767,1715533726240,1.4799999999999998,-1.2566666666666666,1.57,381.44666666666666,171.73333333333335,-28.56333333333333
768,1715533726250,1.44,-1.67,1.27,395.14,211.49,-87.46
769,1715533726260,1.4,-2.19,1.47,370.12,226.44,-86.0
770,1715533726270,1.3999999999999997,-2.19,1.47,370.12000000000006,226.43999999999997,-86.0
771,1715533726280,1.3999999999999997,-2.19,1.47,370.12000000000006,226.43999999999997,-86.0
772,1715533726290,1.4,-2.19,1.47,370.12,226.44,-86.0
773,1715533726300,1.5,-1.78,1.15,326.9,240.23,-51.57
774,1715533726310,1.5,-1.78,1.15,326.9,240.23,-51.57
775,1715533726320,1.5,-1.78,1.15,326.9,240.23,-51.57
776,1715533726330,1.5,-1.78,1.15,326.9,240.23,-51.57
777,1715533726340,1.49,-1.75,1.09,301.51,247.18999999999997,-71.96
778,1715533726350,1.49,-1.75,1.09,301.51,247.19,-71.96
779,1715533726360,1.49,-1.75,1.09,301.51,247.19,-71.96
780,1715533726370,1.49,-1.75,1.09,301.51,247.18999999999997,-71.96
781,1715533726380,1.49,-1.75,1.09,301.51,247.19,-71.96
782,1715533726390,1.49,-1.75,1.09,301.51,247.19,-71.96
783,1715533726400,1.49,-1.75,1.09,301.51,247.18999999999997,-71.96
784,1715533726410,1.49,-1.75,1.09,301.51,247.19,-71.96
785,1715533726420,1.49,-1.75,1.09,301.51,247.18999999999997,-71.96
786,1715533726430,1.3633333333333333,-1.6500000000000001,0.2366666666666667,198.15666666666667,311.77,-89.25333333333333
787,1715533726440,1.3,-1.6000000000000003,-0.19000000000000003,146.48,344.06,-97.90000000000002
788,1715533726450,0.13,-1.1,-2.27,113.09999999999998,222.78,64.21
789,1715533726460,0.13,-1.1,-2.27,113.09999999999998,222.78,64.21
790,1715533726470,0.13,-1.1,-2.27,113.09999999999998,222.78,64.21
791,1715533726480,0.13,-1.1,-2.27,113.09999999999998,222.78,64.21
792,1715533726490,-0.15,-0.23,-3.77,60.35999999999999,103.64,112.79
793,1715533726500,-0.15,-0.23,-3.77,60.35999999999999,103.64,112.79
794,1715533726510,-0.15,-0.23,-3.77,60.35999999999999,103.64,112.79
795,1715533726520,-0.15,-0.23,-3.77,60.35999999999999,103.64,112.79
796,1715533726530,0.23,0.37,-4.31,108.09,-84.11,111.76
797,1715533726540,0.23,0.36999999999999994,-4.31,108.08999999999999,-84.11,111.76
798,1715533726550,0.23,0.37,-4.31,108.09,-84.11,111.76
799,1715533726560,0.20666666666666667,0.5166666666666667,-4.78,52.14333333333334,-61.16,131.12666666666667
800,1715533726570,0.16,0.81,-5.72,-59.75,-15.26,169.86
801,1715533726580,0.16,0.81,-5.72,-59.75,-15.26,169.86
802,1715533726590,0.16,0.81,-5.72,-59.75,-15.26,169.86
803,1715533726600,0.7000000000000001,0.09666666666666668,-4.026666666666666,-59.75,-15.26,169.86
804,1715533726610,0.97,-0.26,-3.18,-305.79,-122.5,137.7
805,1715533726620,0.9700000000000001,-0.26,-3.18,-305.79,-122.5,137.7
806,1715533726630,0.97,-0.26,-3.18,-305.79,-122.5,137.7
807,1715533726640,1.3033333333333335,-1.2666666666666666,-1.08,-380.37000000000006,-149.92666666666665,88.95333333333333
808,1715533726650,1.47,-1.77,-0.03,-417.66,-163.64,64.58
809,1715533726660,1.47,-1.77,-0.03,-417.66,-163.64,64.58
810,1715533726670,1.47,-1.7700000000000002,-0.03,-417.66,-163.64,64.58
811,1715533726680,1.47,-1.77,-0.03,-417.66,-163.64,64.58
812,1715533726690,1.47,-1.77,-0.03,-417.66,-163.64,64.58
813,1715533726700,1.47,-1.7700000000000002,-0.03,-417.66,-163.64,64.58
814,1715533726710,1.47,-1.77,-0.03,-417.66,-163.64,64.58
815,1715533726720,1.47,-1.7700000000000002,-0.03,-417.66,-163.64,64.58
816,1715533726730,1.47,-1.77,-0.03,-417.66,-163.64,64.58
817,1715533726740,1.47,-1.7700000000000002,-0.03,-417.66,-163.64,64.58
818,1715533726750,1.47,-1.77,-0.03,-417.66,-163.64,64.58
819,1715533726760,1.47,-1.7700000000000002,-0.03,-417.66,-163.64,64.58
820,1715533726770,0.83,-2.04,1.96,-430.24,-83.74,0.49
821,1715533726780,0.83,-2.04,1.96,-430.24,-83.74,0.49
822,1715533726790,0.6799999999999999,-1.97,1.685,-423.265,-89.5375,-3.5225
823,1715533726800,0.53,-1.8999999999999997,1.41,-402.34,-106.93,-15.56
824,1715533726810,0.53,-1.8999999999999997,1.41,-402.34,-106.93,-15.56
825,1715533726820,0.53,-1.9,1.41,-402.34,-106.93,-15.56
826,1715533726830,0.5800000000000001,-1.7974999999999999,1.375,-401.075,-108.915,-15.835
827,1715533726840,0.73,-1.49,1.27,-397.28,-114.87,-16.66
828,1715533726850,0.73,-1.49,1.27,-397.28,-114.87,-16.66
829,1715533726860,0.73,-1.49,1.27,-397.28,-114.87,-16.66
830,1715533726870,0.7066666666666667,-1.4400000000000002,1.2333333333333334,-397.28,-114.87,-16.66
831,1715533726880,0.66,-1.34,1.16,-397.28,-114.87,-16.66
832,1715533726890,0.66,-1.34,1.16,-397.28,-114.87,-16.66
833,1715533726900,0.66,-1.34,1.16,-397.28,-114.87,-16.66
834,1715533726910,0.66,-1.34,1.16,-397.28,-114.87,-16.66
835,1715533726920,0.66,-1.34,1.16,-397.28,-114.87,-16.66
836,1715533726930,0.66,-1.34,1.16,-397.28,-114.87,-16.66
837,1715533726940,0.66,-1.34,1.16,-397.28,-114.87,-16.66
838,1715533726950,0.66,-1.34,1.16,-397.28,-114.87,-16.66
839,1715533726960,0.34,-0.23,3.2099999999999995,-315.0,-91.61,-79.04
840,1715533726970,0.34,-0.23,3.21,-315.0,-91.61,-79.04
841,1715533726980,0.34,-0.23,3.2099999999999995,-315.0,-91.61,-79.04
842,1715533726990,0.07,-0.92,5.88,-249.9,-120.29666666666667,-61.18000000000001
843,1715533727000,0.07,-0.92,5.88,-217.35,-134.64,-52.25
844,1715533727010,0.07,-0.92,5.88,-217.35,-134.64,-52.25
845,1715533727020,0.2775,-1.1025,6.205,-149.76749999999998,-104.21499999999999,-44.375
846,1715533727030,0.9,-1.6499999999999997,7.18,52.98,-12.94,-20.75
847,1715533727040,0.9,-1.6499999999999997,7.18,52.98,-12.94,-20.75
848,1715533727050,0.9,-1.65,7.18,52.98,-12.94,-20.75
849,1715533727060,1.0233333333333334,-1.92,6.826666666666667,122.43666666666667,5.920000000000001,-36.986666666666665
850,1715533727070,1.27,-2.46,6.12,261.35,43.64000000000001,-69.46
851,1715533727080,1.27,-2.46,6.12,261.35,43.64,-69.46
852,1715533727090,1.27,-2.46,6.12,261.35,43.64000000000001,-69.46
853,1715533727100,1.27,-2.46,6.12,261.35,43.64,-69.46
854,1715533727110,0.9700000000000001,-1.9066666666666665,4.466666666666667,251.60666666666668,108.23666666666668,-43.276666666666664
855,1715533727120,0.82,-1.63,3.64,232.12,237.42999999999998,9.09
856,1715533727130,0.82,-1.63,3.64,232.12,237.43,9.09
857,1715533727140,0.8066666666666666,-1.11,2.973333333333333,269.6333333333333,215.53666666666666,51.73666666666667
858,1715533727150,0.8000000000000002,-0.85,2.64,288.39,204.59,73.06
859,1715533727160,0.8,-0.85,2.64,288.39,204.59,73.06
860,1715533727170,0.8000000000000002,-0.85,2.64,288.39,204.59,73.06
861,1715533727180,1.24,-0.8000000000000002,2.17,387.08,221.31000000000003,66.71
862,1715533727190,1.24,-0.8,2.17,387.08,221.31,66.71
863,1715533727200,1.24,-0.8,2.17,387.08,221.31,66.71
864,1715533727210,1.24,-0.8000000000000002,2.17,387.08,221.31000000000003,66.71
865,1715533727220,1.24,-0.8000000000000002,2.17,387.08,221.31000000000003,66.71
866,1715533727230,1.24,-0.8,2.17,387.08,221.31,66.71
867,1715533727240,1.24,-0.8000000000000002,2.17,387.08,221.31000000000003,66.71
868,1715533727250,1.24,-0.8,2.17,387.08,221.31,66.71
869,1715533727260,1.24,-0.8000000000000002,2.17,387.08,221.31000000000003,66.71
870,1715533727270,1.24,-0.8000000000000002,2.17,387.08,221.31000000000003,66.71
871,1715533727280,1.24,-0.8,2.17,387.08,221.31,66.71
872,1715533727290,1.1933333333333334,-1.7933333333333332,1.5833333333333333,384.0333333333333,222.12333333333333,-14.956666666666669
873,1715533727300,1.17,-2.29,1.29,382.51,222.53,-55.79
874,1715533727310,1.2525,-2.2975,1.425,377.425,195.935,-75.335
875,1715533727320,1.28,-2.3,1.47,375.73,187.07000000000002,-81.85
876,1715533727330,1.3866666666666667,-2.313333333333333,1.3833333333333335,355.67,202.65666666666667,-78.83666666666666
877,1715533727340,1.4400000000000002,-2.32,1.34,345.64000000000004,210.44999999999996,-77.33
878,1715533727350,1.4400000000000002,-2.32,1.34,345.64000000000004,210.44999999999996,-77.33
879,1715533727360,1.4400000000000002,-2.32,1.34,345.64000000000004,210.44999999999996,-77.33
880,1715533727370,1.5200000000000002,-2.013333333333333,1.0533333333333335,283.91333333333336,252.19666666666663,-54.75
881,1715533727380,1.56,-1.86,0.91,253.05,273.07,-43.46
882,1715533727390,1.56,-1.86,0.91,253.05,273.07,-43.46
883,1715533727400,1.5599999999999998,-1.86,0.91,253.05000000000004,273.07,-43.46
884,1715533727410,1.5599999999999998,-1.86,0.91,253.05000000000004,273.07,-43.46
885,1715533727420,1.5599999999999998,-1.86,0.91,253.05000000000004,273.07,-43.46
886,1715533727430,1.5599999999999998,-1.86,0.91,253.05000000000004,273.07,-43.46
887,1715533727440,1.5599999999999998,-1.86,0.91,253.05000000000004,273.07,-43.46
888,1715533727450,1.5599999999999998,-1.86,0.91,253.05000000000004,273.07,-43.46
889,1715533727460,1.5599999999999998,-1.86,0.91,253.05000000000004,273.07,-43.46
890,1715533727470,1.5599999999999998,-1.86,0.91,253.05000000000004,273.07,-43.46
891,1715533727480,0.52,-1.0566666666666666,-2.0066666666666664,181.64333333333335,172.85,12.533333333333333
892,1715533727490,-0.04,-0.15,-3.8,14.4,-64.33,127.08
893,1715533727500,-0.04,-0.15,-3.7999999999999994,14.4,-64.33,127.08
894,1715533727510,-0.04,-0.15,-3.8,14.4,-64.33,127.08
895,1715533727520,0.355,0.15999999999999998,-3.7649999999999997,14.4,-64.33,127.08
896,1715533727530,0.75,0.47,-3.73,12.76,-120.73,151.67
897,1715533727540,0.75,0.47,-3.73,12.76,-120.73,151.67
898,1715533727550,0.75,0.47,-3.73,12.76,-120.73,151.67
899,1715533727560,0.39666666666666667,0.58,-3.936666666666666,-5.633333333333334,-100.12,127.66333333333334
900,1715533727570,-0.31,0.8000000000000002,-4.35,-42.42,-58.9,79.65
901,1715533727580,-0.31,0.8000000000000002,-4.35,-42.42,-58.9,79.65
902,1715533727590,-0.31,0.8,-4.35,-42.42,-58.9,79.65
903,1715533727600,-0.31,0.8000000000000002,-4.35,-42.42,-58.9,79.65
904,1715533727610,0.09000000000000001,-0.34,-2.89,-258.12,-93.08,150.27
905,1715533727620,0.09,-0.34,-2.89,-258.12,-93.08,150.27
906,1715533727630,0.09,-0.34,-2.89,-258.12,-93.08,150.27
907,1715533727640,1.33,-1.57,-0.19000000000000003,-258.12,-93.08,150.27
908,1715533727650,1.33,-1.57,-0.19,-413.296,-79.01599999999999,143.678
909,1715533727660,1.33,-1.57,-0.19,-452.09,-75.5,142.03
910,1715533727670,1.33,-1.57,-0.19000000000000003,-452.09,-75.5,142.03
911,1715533727680,1.14,-2.73,1.94,-449.52,-168.33,30.27
912,1715533727690,1.14,-2.73,1.9400000000000002,-449.52,-168.33,30.27
913,1715533727700,1.14,-2.73,1.9400000000000002,-449.52,-168.33,30.27
914,1715533727710,1.14,-2.73,1.9400000000000002,-449.52,-168.33,30.27
915,1715533727720,1.14,-2.73,1.9400000000000002,-449.52,-168.33,30.27
916,1715533727730,1.14,-2.73,1.94,-449.52,-168.33,30.27
917,1715533727740,1.14,-2.73,1.9400000000000002,-449.52,-168.33,30.27
918,1715533727750,1.14,-2.73,1.9400000000000002,-449.52,-168.33,30.27
919,1715533727760,1.14,-2.73,1.9400000000000002,-449.52,-168.33,30.27
920,1715533727770,1.14,-2.73,1.9400000000000002,-449.52,-168.33,30.27
921,1715533727780,1.14,-2.73,1.9400000000000002,-449.52,-168.33,30.27
922,1715533727790,1.14,-2.73,1.9400000000000002,-449.52,-168.33,30.27
923,1715533727800,1.14,-2.73,1.9400000000000002,-449.52,-168.33,30.27
924,1715533727810,0.9933333333333332,-2.3233333333333333,1.7933333333333332,-424.64000000000004,-126.60333333333334,28.97
925,1715533727820,0.6999999999999998,-1.51,1.5,-374.87999999999994,-43.15,26.37
926,1715533727830,0.6266666666666666,-1.4033333333333333,1.2533333333333332,-374.87999999999994,-43.15,26.37
927,1715533727840,0.59,-1.3500000000000003,1.13,-408.33,-57.85999999999999,9.52
928,1715533727850,0.59,-1.35,1.13,-408.33,-57.86,9.52
929,1715533727860,0.59,-1.35,1.13,-408.33,-57.86,9.52
930,1715533727870,0.7833333333333333,-0.9433333333333334,1.2166666666666666,-435.59,-72.26666666666667,-11.433333333333332
931,1715533727880,0.88,-0.7399999999999999,1.26,-449.22,-79.47,-21.91
932,1715533727890,0.88,-0.7399999999999999,1.26,-449.22,-79.47,-21.91
933,1715533727900,0.88,-0.74,1.26,-449.22,-79.47,-21.91
934,1715533727910,0.8466666666666667,-0.7466666666666667,1.8866666666666667,-442.6266666666667,-89.39666666666666,-87.30333333333333
935,1715533727920,0.83,-0.75,2.2,-439.33,-94.36,-120.0
936,1715533727930,0.83,-0.75,2.2,-439.33,-94.36,-120.0
937,1715533727940,0.83,-0.75,2.2,-439.33,-94.36,-120.0
938,1715533727950,0.83,-0.75,2.2,-439.33,-94.36,-120.0
939,1715533727960,0.83,-0.75,2.2,-439.33,-94.36,-120.0
940,1715533727970,0.83,-0.75,2.2,-439.33,-94.36,-120.0
941,1715533727980,0.83,-0.75,2.2,-439.33,-94.36,-120.0
942,1715533727990,0.83,-0.75,2.2,-439.33,-94.36,-120.0
943,1715533728000,0.83,-0.75,2.2,-439.33,-94.36,-120.0
944,1715533728010,0.27,-1.95,6.29,-234.62,-48.580000000000005,-143.13
945,1715533728020,0.22000000000000003,-2.445,6.4,-70.89500000000001,-47.695,-53.44
946,1715533728030,0.17,-2.94,6.51,92.83,-46.81,36.25
947,1715533728040,0.17,-2.94,6.51,92.83,-46.81,36.25
948,1715533728050,0.17,-2.94,6.510000000000001,92.83,-46.81,36.25
949,1715533728060,0.17,-2.94,6.510000000000001,92.83,-46.81,36.25
950,1715533728070,0.84,-2.44,5.51,241.15,12.33,27.4
951,1715533728080,0.84,-2.44,5.510000000000001,241.15,12.33,27.399999999999995
952,1715533728090,0.84,-2.44,5.51,241.15,12.33,27.4
953,1715533728100,0.61,-1.64,3.63,260.13,77.7,72.02
954,1715533728110,0.61,-1.64,3.63,279.11,143.07,116.64
955,1715533728120,0.61,-1.64,3.6300000000000003,279.11,143.07,116.64
956,1715533728130,0.61,-1.64,3.6300000000000003,279.11,143.07,116.64
957,1715533728140,1.09,-1.0266666666666666,2.9633333333333334,321.02333333333337,141.74666666666667,115.09333333333332
958,1715533728150,1.33,-0.72,2.63,404.85,139.1,112.0
959,1715533728160,1.33,-0.72,2.63,404.85,139.1,112.0
960,1715533728170,1.33,-0.72,2.63,404.85,139.1,112.0
961,1715533728180,1.49,-1.63,1.78,466.37,191.1,-3.54
962,1715533728190,1.49,-1.63,1.78,466.37,191.1,-3.54
963,1715533728200,1.49,-1.63,1.78,466.37000000000006,191.1,-3.5400000000000005
964,1715533728210,1.49,-1.63,1.78,466.37000000000006,191.1,-3.5400000000000005
965,1715533728220,1.3625,-2.2975,1.3900000000000001,483.35,171.8775,-66.9375
966,1715533728230,1.32,-2.52,1.26,489.01,165.47,-88.07
967,1715533728240,1.32,-2.52,1.26,489.01,165.47,-88.07
968,1715533728250,1.32,-2.52,1.26,489.01,165.47,-88.07
969,1715533728260,1.32,-2.52,1.26,489.01,165.47,-88.07
970,1715533728270,1.32,-2.52,1.26,489.01,165.47,-88.07
971,1715533728280,1.32,-2.52,1.26,489.01,165.47,-88.07
972,1715533728290,1.32,-2.52,1.26,489.01,165.47,-88.07
973,1715533728300,1.32,-2.52,1.26,489.01,165.47,-88.07
974,1715533728310,1.32,-2.52,1.26,489.01,165.47,-88.07
975,1715533728320,1.32,-2.52,1.26,489.01,165.47,-88.07
976,1715533728330,1.32,-2.52,1.26,489.01,165.47,-88.07
977,1715533728340,1.38,-2.36,1.1866666666666665,380.41,231.0566666666667,-168.67666666666665
978,1715533728350,1.41,-2.28,1.15,326.11,263.85,-208.98
979,1715533728360,1.41,-2.28,1.15,326.11,263.85,-208.98
980,1715533728370,1.3766666666666667,-2.0066666666666664,0.8033333333333333,278.5833333333333,295.71666666666664,-159.91333333333333
981,1715533728380,1.36,-1.87,0.63,254.82,311.65,-135.38
982,1715533728390,1.36,-1.87,0.63,254.82000000000002,311.65,-135.38
983,1715533728400,1.36,-1.87,0.63,254.82000000000002,311.65,-135.38
984,1715533728410,1.19,-1.5200000000000002,-0.7600000000000001,181.27,329.41,-109.74
985,1715533728420,1.19,-1.5200000000000002,-0.7600000000000001,181.27,329.41,-109.74
986,1715533728430,1.19,-1.52,-0.76,181.27,329.41,-109.74
987,1715533728440,1.19,-1.52,-0.76,181.27,329.41,-109.74
988,1715533728450,1.19,-1.52,-0.76,181.27,329.41,-109.74
989,1715533728460,1.19,-1.52,-0.76,181.27,329.41,-109.74
990,1715533728470,1.19,-1.5200000000000002,-0.7600000000000001,181.27,329.41,-109.74
991,1715533728480,1.19,-1.52,-0.76,181.27,329.41,-109.74
992,1715533728490,1.19,-1.52,-0.76,181.27,329.41,-109.74
993,1715533728500,1.19,-1.5200000000000002,-0.7600000000000001,181.27,329.41,-109.74
994,1715533728510,1.19,-1.5200000000000002,-0.7600000000000001,181.27,329.41,-109.74
995,1715533728520,1.19,-1.52,-0.76,181.27,329.41,-109.74
996,1715533728530,0.26749999999999996,-0.47750000000000004,-3.6775,74.5675,-29.70499999999999,71.66999999999999
997,1715533728540,-0.04,-0.13,-4.65,39.0,-149.41,132.14
998,1715533728550,-0.04,-0.13,-4.65,39.0,-149.41,132.14
999,1715533728560,-0.15333333333333332,0.17666666666666667,-4.59,-37.78,-163.57000000000002,119.93333333333332
1000,1715533728570,-0.21,0.33,-4.56,-76.17,-170.65,113.83
1001,1715533728580,-0.21,0.33,-4.56,-76.17,-170.65,113.83
1002,1715533728590,-0.21,0.33,-4.56,-76.17,-170.65,113.83
1003,1715533728600,0.6,-0.38999999999999996,-2.4,-257.57,-204.16,175.17
1004,1715533728610,0.6,-0.39,-2.4,-257.57,-204.16,175.17
1005,1715533728620,0.6,-0.38999999999999996,-2.4,-257.57,-204.16,175.17
1006,1715533728630,0.6,-0.38999999999999996,-2.4,-257.57,-204.16,175.17
1007,1715533728640,2.09,-1.3999999999999997,0.63,-293.58,-210.89666666666668,172.24
1008,1715533728650,2.09,-1.4,0.63,-365.6,-224.37,166.38
1009,1715533728660,2.09,-1.3999999999999997,0.63,-365.6000000000001,-224.37,166.38
1010,1715533728670,2.09,-1.4,0.63,-365.6,-224.37,166.38
1011,1715533728680,2.26,-1.64,2.05,-406.86,-201.42,98.33
1012,1715533728690,2.26,-1.64,2.05,-406.86,-201.42,98.33
1013,1715533728700,2.26,-1.64,2.05,-406.85999999999996,-201.42,98.33
1014,1715533728710,2.26,-1.64,2.05,-406.85999999999996,-201.42,98.33
1015,1715533728720,2.26,-1.64,2.05,-406.85999999999996,-201.42,98.33
1016,1715533728730,2.26,-1.64,2.05,-406.85999999999996,-201.42,98.33
1017,1715533728740,1.8099999999999998,-1.7700000000000002,2.06,-297.61,-264.89,43.03
1018,1715533728750,1.8099999999999998,-1.7700000000000002,2.06,-297.61,-264.89,43.03
1019,1715533728760,1.47,-1.62,1.87,-272.77,-263.18,32.41
1020,1715533728770,1.47,-1.62,1.87,-272.77,-263.18,32.41
1021,1715533728780,1.47,-1.62,1.87,-272.77,-263.18,32.41
1022,1715533728790,1.47,-1.62,1.87,-272.77,-263.18,32.41
1023,1715533728800,1.47,-1.62,1.87,-272.77,-263.18,32.41
1024,1715533728810,1.47,-1.62,1.87,-272.77,-263.18,32.41
1025,1715533728820,1.47,-1.62,1.87,-272.77,-263.18,32.41
1026,1715533728830,1.47,-1.62,1.87,-272.77,-263.18,32.41
1027,1715533728840,1.47,-1.62,1.87,-272.77,-263.18,32.41
1028,1715533728850,1.47,-1.62,1.87,-272.77,-263.18,32.41
1029,1715533728860,1.1400000000000001,-1.635,1.6,-315.91999999999996,-227.66,36.06999999999999
1030,1715533728870,0.77,-1.4166666666666667,1.3366666666666667,-336.2833333333333,-220.01333333333332,54.830000000000005
1031,1715533728880,0.75,-1.3,1.34,-324.89,-233.94999999999996,62.38
1032,1715533728890,0.75,-1.3,1.34,-324.89,-233.95,62.38
1033,1715533728900,0.7733333333333333,-0.9766666666666667,1.57,-333.19,-225.65,59.550000000000004
1034,1715533728910,0.82,-0.33,2.03,-349.79,-209.05000000000004,53.89000000000001
1035,1715533728920,0.82,-0.33,2.03,-349.79,-209.05,53.89
1036,1715533728930,0.82,-0.33,2.03,-349.79,-209.05,53.89
1037,1715533728940,0.505,-0.05500000000000001,2.9299999999999997,-349.79,-209.05,53.89
1038,1715533728950,0.19000000000000003,0.22,3.83,-351.99,-149.78,-50.9
1039,1715533728960,0.19,0.22,3.83,-351.99,-149.78,-50.9
1040,1715533728970,0.19,0.22,3.83,-351.99,-149.78,-50.9
1041,1715533728980,0.19000000000000003,0.22,3.83,-351.99,-149.78,-50.9
1042,1715533728990,0.19,0.22,3.83,-351.99,-149.78,-50.9
1043,1715533729000,0.19,0.22,3.83,-351.99,-149.78,-50.9
1044,1715533729010,0.19000000000000003,0.22,3.83,-351.99,-149.78,-50.9
1045,1715533729020,0.19000000000000003,0.22,3.83,-351.99,-149.78,-50.9
1046,1715533729030,0.19000000000000003,0.22,3.83,-351.99,-149.78,-50.9
1047,1715533729040,0.19000000000000003,0.22,3.83,-351.99,-149.78,-50.9
1048,1715533729050,0.48666666666666664,-0.27,4.743333333333333,-156.41333333333333,-114.50333333333333,-30.799999999999997
1049,1715533729060,1.08,-1.25,6.57,234.74,-43.95000000000001,9.4
1050,1715533729070,2.05,-1.79,5.75,208.86,158.33,-57.68
1051,1715533729080,2.05,-1.79,5.75,208.86,158.33,-57.68
1052,1715533729090,2.05,-1.79,5.75,208.86,158.33,-57.68
1053,1715533729100,1.4049999999999998,-1.655,4.055,197.8725,241.1825,-42.1625
1054,1715533729110,1.19,-1.61,3.49,194.21,268.8,-36.99
1055,1715533729120,1.19,-1.61,3.49,194.21,268.8,-36.99
1056,1715533729130,1.19,-1.61,3.49,194.21,268.8,-36.99
1057,1715533729140,0.98,-1.225,2.955,253.57,224.09,-10.805
1058,1715533729150,0.77,-0.84,2.42,312.93,179.38,15.38
1059,1715533729160,0.77,-0.84,2.42,312.93,179.38,15.38
1060,1715533729170,0.77,-0.84,2.42,312.93,179.38,15.38
1061,1715533729180,1.17,-0.78,1.84,390.44,206.48,43.27
1062,1715533729190,1.17,-0.78,1.84,390.44,206.48,43.27
1063,1715533729200,1.17,-0.7799999999999999,1.84,390.44,206.48,43.27
1064,1715533729210,1.1233333333333333,-1.4733333333333334,1.2466666666666668,423.15333333333336,206.76666666666665,-34.11666666666667
1065,1715533729220,1.1,-1.82,0.9499999999999998,439.51,206.91,-72.81
1066,1715533729230,1.1,-1.82,0.95,439.51,206.91,-72.81
1067,1715533729240,1.1,-1.82,0.9499999999999998,439.51,206.91,-72.81
1068,1715533729250,1.0133333333333334,-1.82,0.8966666666666666,396.6233333333333,178.51,-71.51
1069,1715533729260,0.97,-1.82,0.87,375.18,164.31,-70.86
1070,1715533729270,0.9700000000000001,-1.82,0.87,375.18,164.31,-70.86
1071,1715533729280,0.9700000000000001,-1.82,0.87,375.18,164.31,-70.86
1072,1715533729290,1.1233333333333333,-1.7533333333333332,1.1900000000000002,295.6333333333334,199.58333333333334,-68.5
1073,1715533729300,1.2,-1.72,1.35,255.86,217.22,-67.32
1074,1715533729310,1.2,-1.72,1.3500000000000003,255.86,217.22,-67.32
1075,1715533729320,1.2,-1.72,1.3500000000000003,255.86,217.22,-67.32
1076,1715533729330,1.2,-1.72,1.3500000000000003,255.86,217.22,-67.32
1077,1715533729340,1.2,-1.72,1.35,255.86,217.22,-67.32
1078,1715533729350,1.2,-1.72,1.3500000000000003,255.86,217.22,-67.32
1079,1715533729360,1.2,-1.72,1.3500000000000003,255.86,217.22,-67.32
1080,1715533729370,1.2,-1.72,1.3500000000000003,255.86,217.22,-67.32
1081,1715533729380,1.2,-1.72,1.3500000000000003,255.86,217.22,-67.32
1082,1715533729390,1.23,-1.345,1.1025,256.775,202.16,-33.9975
1083,1715533729400,1.24,-1.22,1.02,257.08,197.14,-22.89
1084,1715533729410,0.94,-1.31,0.19000000000000003,252.81000000000003,231.87,-38.21
1085,1715533729420,0.94,-1.31,0.19,252.81,231.87,-38.21
1086,1715533729430,0.94,-1.31,0.19000000000000003,252.81000000000003,231.87,-38.21
1087,1715533729440,0.94,-1.31,0.19,252.81,231.87,-38.21
1088,1715533729450,0.8125,-0.905,-0.7775000000000001,190.6875,207.4725,-43.79
1089,1715533729460,0.77,-0.77,-1.1,169.98,199.34,-45.65
1090,1715533729470,0.77,-0.77,-1.1,169.98,199.34,-45.65
1091,1715533729480,0.485,-0.7949999999999999,-1.455,123.87,180.085,-31.555
1092,1715533729490,0.2,-0.82,-1.81,77.76,160.83,-17.46
1093,1715533729500,0.2,-0.82,-1.81,77.76,160.83,-17.46
1094,1715533729510,0.20000000000000004,-0.82,-1.8099999999999998,77.76,160.83,-17.46
1095,1715533729520,0.20000000000000004,-0.82,-1.8099999999999998,77.76,160.83,-17.46
1096,1715533729530,0.20000000000000004,-0.82,-1.8099999999999998,77.76,160.83,-17.46
1097,1715533729540,0.2,-0.82,-1.81,77.76,160.83,-17.46
1098,1715533729550,0.20000000000000004,-0.82,-1.8099999999999998,77.76,160.83,-17.46
1099,1715533729560,0.20000000000000004,-0.82,-1.8099999999999998,77.76,160.83,-17.46
1100,1715533729570,0.20000000000000004,-0.82,-1.8099999999999998,77.76,160.83,-17.46
1101,1715533729580,0.11333333333333334,0.04,-4.03,74.78666666666668,39.370000000000005,89.31333333333332
1102,1715533729590,0.07,0.47,-5.14,73.3,-21.36,142.7
1103,1715533729600,-0.12,0.5,-5.383333333333333,-9.929999999999998,-27.790000000000003,117.02333333333333
1104,1715533729610,-0.5,0.56,-5.87,-176.39,-40.65,65.67
1105,1715533729620,-0.5,0.56,-5.87,-176.39,-40.65,65.67
1106,1715533729630,-0.17333333333333334,0.013333333333333345,-4.8133333333333335,-176.39,-40.65,65.67
1107,1715533729640,0.48,-1.08,-2.7,-402.4,-173.46,91.61
1108,1715533729650,0.48,-1.08,-2.7,-402.4,-173.46,91.61
1109,1715533729660,0.48,-1.08,-2.7000000000000006,-402.3999999999999,-173.46,91.61
1110,1715533729670,0.8,-1.5,-1.7950000000000002,-402.4,-173.46,91.61
1111,1715533729680,1.76,-2.76,0.92,-479.86,-279.54,88.13
1112,1715533729690,1.76,-2.76,0.92,-479.86,-279.54,88.13
1113,1715533729700,1.76,-2.76,0.92,-479.86,-279.54,88.13
1114,1715533729710,1.79,-2.8274999999999997,1.275,-467.82,-277.755,86.57499999999999
1115,1715533729720,1.88,-3.03,2.34,-431.7,-272.4,81.91
1116,1715533729730,1.88,-3.03,2.34,-431.7,-272.4,81.91
1117,1715533729740,1.88,-3.03,2.34,-431.7,-272.4,81.91
1118,1715533729750,1.88,-3.03,2.34,-431.7,-272.4,81.91
1119,1715533729760,1.62,-2.45,2.07,-307.98,-281.68,85.39
1120,1715533729770,1.62,-2.45,2.07,-307.98,-281.68,85.39
1121,1715533729780,1.62,-2.45,2.07,-307.98,-281.68,85.39
1122,1715533729790,1.36,-1.82,1.8,-336.36,-191.1,77.15
1123,1715533729800,1.36,-1.82,1.8,-336.36,-191.1,77.15
1124,1715533729810,1.36,-1.82,1.8,-336.36,-191.1,77.15
1125,1715533729820,1.36,-1.82,1.8,-336.36,-191.1,77.15
1126,1715533729830,1.36,-1.82,1.8,-336.36,-191.1,77.15
1127,1715533729840,1.36,-1.82,1.8,-336.36,-191.1,77.15
1128,1715533729850,1.36,-1.82,1.8,-336.36,-191.1,77.15
1129,1715533729860,1.36,-1.82,1.8,-336.36,-191.1,77.15
1130,1715533729870,1.36,-1.82,1.8,-336.36,-191.1,77.15
1131,1715533729880,1.36,-1.82,1.8,-336.36,-191.1,77.15
1132,1715533729890,1.36,-1.82,1.8,-336.36,-191.1,77.15
1133,1715533729900,1.36,-1.82,1.8,-336.36,-191.1,77.15
1134,1715533729910,0.9333333333333332,-1.3533333333333335,1.8066666666666666,-404.1133333333334,-137.02666666666667,38.25
1135,1715533729920,0.7200000000000001,-1.12,1.8099999999999998,-437.99,-109.99,18.8
1136,1715533729930,0.72,-1.12,1.81,-437.99,-109.99,18.8
1137,1715533729940,0.91,0.02,2.91,-419.13,-87.525,0.8849999999999998
1138,1715533729950,0.91,0.02,2.91,-400.27,-65.06,-17.03
1139,1715533729960,0.91,0.02,2.91,-400.27,-65.06,-17.03
1140,1715533729970,0.91,0.02,2.91,-400.27,-65.06,-17.03
1141,1715533729980,-0.37666666666666665,-0.5666666666666667,3.89,-400.27,-65.06,-17.03
1142,1715533729990,-1.02,-0.86,4.38,-323.49,-36.32,-153.87
1143,1715533730000,-1.02,-0.86,4.38,-323.49,-36.32,-153.87
1144,1715533730010,-1.02,-0.86,4.38,-323.49,-36.32,-153.87
1145,1715533730020,-1.02,-0.86,4.38,-323.49,-36.32,-153.87
1146,1715533730030,-1.02,-0.86,4.38,-323.49,-36.32,-153.87
1147,1715533730040,-1.02,-0.86,4.38,-323.49,-36.32,-153.87
1148,1715533730050,-1.02,-0.86,4.38,-323.49,-36.32,-153.87
1149,1715533730060,-1.02,-0.86,4.38,-323.49,-36.32,-153.87
1150,1715533730070,-1.02,-0.86,4.38,-323.49,-36.32,-153.87
1151,1715533730080,-1.02,-0.86,4.38,-323.49,-36.32,-153.87
1152,1715533730090,-1.02,-0.86,4.38,-323.49,-36.32,-153.87
1153,1715533730100,-0.5425,-1.3575,4.3075,-183.10750000000002,18.0325,-124.11500000000001
1154,1715533730110,0.89,-2.85,4.09,238.04,181.09,-34.85
1155,1715533730120,0.89,-2.85,4.09,238.04,181.09,-34.85
1156,1715533730130,0.7966666666666667,-2.32,3.67,242.77999999999997,177.51,5.413333333333331
1157,1715533730140,0.61,-1.26,2.83,252.26,170.35,85.94
1158,1715533730150,0.61,-1.26,2.83,252.26,170.35,85.94
1159,1715533730160,0.61,-1.26,2.83,252.26,170.35,85.94
1160,1715533730170,0.8600000000000001,-0.81,2.625,295.685,164.79500000000002,101.535
1161,1715533730180,1.11,-0.36000000000000004,2.42,339.11,159.24,117.13
1162,1715533730190,1.11,-0.36,2.42,339.11,159.24,117.13
1163,1715533730200,1.11,-0.36,2.42,339.11,159.24,117.13
1164,1715533730210,1.11,-0.36000000000000004,2.42,339.11,159.24,117.13
1165,1715533730220,1.34,-0.98,1.63,418.1499999999999,211.42999999999998,46.330000000000005
1166,1715533730230,1.34,-0.98,1.63,418.1499999999999,211.42999999999998,46.330000000000005
1167,1715533730240,1.34,-0.98,1.63,418.15,211.43,46.33
1168,1715533730250,1.1933333333333334,-1.6666666666666667,1.2833333333333334,442.84999999999997,185.99666666666667,-27.403333333333332
1169,1715533730260,1.12,-2.01,1.11,455.2,173.28,-64.27
1170,1715533730270,1.12,-2.01,1.11,455.2,173.28,-64.27
1171,1715533730280,1.12,-2.01,1.11,455.2,173.28,-64.27
1172,1715533730290,1.0733333333333335,-2.0666666666666664,1.1600000000000001,412.9633333333333,198.04,-53.56999999999999
1173,1715533730300,0.98,-2.18,1.26,328.49,247.56000000000003,-32.17
1174,1715533730310,0.98,-2.18,1.26,328.49,247.56000000000003,-32.17
1175,1715533730320,0.98,-2.18,1.26,328.49,247.56000000000003,-32.17
1176,1715533730330,1.3,-2.03,1.23,320.19,204.59,-8.48
1177,1715533730340,1.3,-2.03,1.23,320.19,204.59,-8.48
1178,1715533730350,1.3,-2.03,1.23,320.19,204.59,-8.48
1179,1715533730360,1.3,-2.03,1.23,320.19,204.59,-8.48
1180,1715533730370,1.3,-2.03,1.23,320.19,204.59,-8.48
1181,1715533730380,1.3,-2.03,1.23,320.19,204.59,-8.48
1182,1715533730390,1.3,-2.03,1.23,320.19,204.59,-8.48
1183,1715533730400,1.3,-2.03,1.23,320.19,204.59,-8.48
1184,1715533730410,1.3,-2.03,1.23,320.19,204.59,-8.48
1185,1715533730420,1.3,-2.03,1.23,320.19,204.59,-8.48
1186,1715533730430,1.385,-1.8824999999999998,1.0474999999999999,299.865,221.8925,-18.3525
1187,1715533730440,1.3500000000000003,-1.05,-0.55,173.70333333333335,293.3333333333333,-72.06333333333333
1188,1715533730450,1.3500000000000003,-1.05,-0.55,141.11,303.1,-84.11
1189,1715533730460,1.3500000000000003,-1.05,-0.55,141.11,303.1,-84.11
1190,1715533730470,1.3500000000000003,-1.05,-0.55,141.11,303.1,-84.11
1191,1715533730480,0.8433333333333334,-0.35000000000000003,-2.183333333333333,60.01666666666667,319.58,2.076666666666668
1192,1715533730490,0.59,0.0,-3.0,19.47,327.82,45.169999999999995
1193,1715533730500,0.59,0.0,-3.0,19.47,327.82,45.169999999999995
1194,1715533730510,0.59,0.0,-3.0,19.47,327.82,45.169999999999995
1195,1715533730520,0.46499999999999997,0.415,-3.84,30.425,197.63,13.125
1196,1715533730530,0.34,0.83,-4.68,41.38,67.44,-18.92
1197,1715533730540,0.34,0.83,-4.68,41.38,67.44,-18.92
1198,1715533730550,0.34,0.83,-4.68,41.38,67.44,-18.92
1199,1715533730560,0.34,0.83,-4.68,41.38,67.44,-18.92
1200,1715533730570,0.34,0.83,-4.68,41.38,67.44,-18.92
1201,1715533730580,0.34,0.83,-4.68,41.38,67.44,-18.92
1202,1715533730590,0.34,0.83,-4.68,41.38,67.44,-18.92
1203,1715533730600,0.34,0.83,-4.68,41.38,67.44,-18.92
1204,1715533730610,0.34,0.83,-4.68,41.38,67.44,-18.92
1205,1715533730620,0.34,0.83,-4.68,41.38,67.44,-18.92
1206,1715533730630,0.61,-0.13,-3.58,-203.74,-170.9,97.23
1207,1715533730640,1.85,-1.26,-0.93,-377.81,-227.29,112.37
1208,1715533730650,1.85,-1.26,-0.93,-377.81,-227.29,112.37
1209,1715533730660,1.85,-1.26,-0.93,-377.81,-227.29,112.37
1210,1715533730670,1.8500000000000003,-1.26,-0.93,-377.81,-227.29,112.37
1211,1715533730680,1.8875,-2.0925000000000002,1.005,-385.775,-281.5825,29.9675
1212,1715533730690,1.8999999999999997,-2.37,1.6499999999999997,-388.43,-299.68,2.5
1213,1715533730700,1.8999999999999997,-2.37,1.6499999999999997,-388.43,-299.68,2.5
1214,1715533730710,1.6499999999999997,-2.3666666666666667,1.8099999999999998,-363.4666666666667,-277.5266666666667,23.11
1215,1715533730720,1.15,-2.36,2.13,-313.54,-233.22,64.33
1216,1715533730730,1.15,-2.36,2.13,-313.54,-233.22,64.33
1217,1715533730740,1.15,-2.36,2.13,-313.54,-233.22,64.33
1218,1715533730750,1.1349999999999998,-2.0375,2.085,-303.4225,-201.405,75.685
1219,1715533730760,1.13,-1.93,2.07,-300.05,-190.80000000000004,79.47
1220,1715533730770,1.13,-1.93,2.07,-300.05,-190.80000000000004,79.47
1221,1715533730780,1.13,-1.93,2.07,-300.05,-190.80000000000004,79.47
1222,1715533730790,1.13,-1.93,2.07,-300.05,-190.8,79.47
1223,1715533730800,0.9566666666666667,-1.6366666666666667,1.7433333333333334,-272.91,-163.98,68.44333333333333
1224,1715533730810,0.87,-1.49,1.58,-259.34,-150.57,62.93
1225,1715533730820,0.87,-1.49,1.58,-259.34,-150.57,62.93
1226,1715533730830,0.73,-1.39,1.22,-314.58,-124.15000000000002,58.65
1227,1715533730840,0.73,-1.39,1.22,-314.58,-124.15000000000002,58.65
1228,1715533730850,0.73,-1.39,1.22,-314.58,-124.15,58.65
1229,1715533730860,0.71,-1.2633333333333334,1.2633333333333334,-339.6433333333333,-109.62333333333333,57.22666666666667
1230,1715533730870,0.67,-1.01,1.3500000000000003,-389.77,-80.57,54.38
1231,1715533730880,0.67,-1.01,1.3500000000000003,-389.77,-80.57,54.38
1232,1715533730890,0.67,-1.01,1.3500000000000003,-389.77,-80.57,54.38
1233,1715533730900,0.67,-1.01,1.3500000000000003,-389.77,-80.57,54.38
1234,1715533730910,0.67,-1.01,1.3500000000000003,-389.77,-80.57,54.38
1235,1715533730920,0.67,-1.01,1.3500000000000003,-389.77,-80.57,54.38
1236,1715533730930,0.67,-1.01,1.3500000000000003,-389.77,-80.57,54.38
1237,1715533730940,0.67,-1.01,1.35,-389.77,-80.57,54.38
1238,1715533730950,0.67,-1.01,1.3500000000000003,-389.77,-80.57,54.38
1239,1715533730960,0.3025,-0.59,2.3625000000000003,-384.28,-60.379999999999995,-77.59
1240,1715533730970,0.18,-0.45,2.7,-382.45,-53.65,-121.58
1241,1715533730980,0.05333333333333332,-0.38999999999999996,3.5433333333333334,-362.98,-36.92666666666667,-98.22333333333334
1242,1715533730990,-0.2,-0.27,5.23,-324.04,-3.48,-51.51
1243,1715533731000,-0.20000000000000004,-0.27,5.23,-324.04,-3.48,-51.51
1244,1715533731010,-0.2,-0.27,5.23,-324.04,-3.48,-51.51
1245,1715533731020,1.79,-0.84,8.0,-140.26,-55.6,15.32
1246,1715533731030,1.79,-0.84,8.0,-140.26,-55.6,15.32
1247,1715533731040,1.79,-0.84,8.0,-140.26,-55.6,15.32
1248,1715533731050,1.79,-0.84,8.0,-140.26,-55.6,15.32
1249,1715533731060,1.67,-1.82,6.81,152.71,77.45,-169.43
1250,1715533731070,1.67,-1.82,6.81,152.71,77.45,-169.43
1251,1715533731080,1.67,-1.82,6.81,152.71,77.45,-169.43
1252,1715533731090,1.67,-1.82,6.81,152.71,77.45,-169.43
1253,1715533731100,1.67,-1.82,6.81,152.71,77.45,-169.43
1254,1715533731110,1.67,-1.82,6.81,152.71,77.45,-169.43
1255,1715533731120,1.67,-1.82,6.81,152.71,77.45,-169.43
1256,1715533731130,1.67,-1.82,6.81,152.71,77.45,-169.43
1257,1715533731140,1.67,-1.82,6.81,152.71,77.45,-169.43
1258,1715533731150,1.005,-1.2,3.795,278.4575,138.075,-63.34
1259,1715533731160,0.8000000000000002,-0.67,2.37,333.86,156.98,-2.08
1260,1715533731170,0.9500000000000001,-0.7000000000000001,2.2,340.37,176.67333333333332,-5.293333333333334
1261,1715533731180,1.25,-0.76,1.86,353.39,216.06,-11.72
1262,1715533731190,1.25,-0.76,1.86,353.39,216.06,-11.72
1263,1715533731200,1.25,-0.76,1.86,353.39,216.06,-11.72
1264,1715533731210,1.2266666666666666,-1.0599999999999998,1.6166666666666665,353.39000000000004,216.06000000000003,-11.72
1265,1715533731220,1.18,-1.66,1.13,410.83,226.62,-98.08
1266,1715533731230,1.18,-1.66,1.13,410.83,226.62,-98.08
1267,1715533731240,1.18,-1.66,1.13,410.83,226.62,-98.08
1268,1715533731250,1.09,-1.8775,1.1225,391.41999999999996,213.9,-110.7175
1269,1715533731260,1.06,-1.95,1.12,384.95,209.66,-114.93000000000002
1270,1715533731270,1.06,-1.95,1.12,384.95,209.66,-114.93
1271,1715533731280,1.06,-1.95,1.12,384.95,209.66,-114.93
1272,1715533731290,1.0150000000000001,-1.905,1.0550000000000002,342.53,224.825,-90.06
1273,1715533731300,0.9700000000000001,-1.86,0.9899999999999999,300.11,239.99,-65.19
1274,1715533731310,0.97,-1.86,0.99,300.11,239.99,-65.19
1275,1715533731320,0.98,-1.8099999999999998,1.0233333333333334,300.11,239.99,-65.19
1276,1715533731330,1.0,-1.71,1.09,255.92,218.81,-30.76
1277,1715533731340,1.0,-1.71,1.09,255.92,218.81,-30.76
1278,1715533731350,1.0,-1.71,1.09,255.92,218.81,-30.76
1279,1715533731360,1.0,-1.5225,0.9175,253.54,209.67000000000002,-21.345000000000002
1280,1715533731370,1.0,-1.46,0.86,246.4,182.25,6.900000000000001
1281,1715533731380,1.0,-1.46,0.86,246.4,182.25,6.900000000000001
1282,1715533731390,1.0,-1.46,0.86,246.4,182.25,6.900000000000001
1283,1715533731400,1.0,-1.46,0.86,246.4,182.25,6.9
1284,1715533731410,1.0,-1.46,0.86,246.4,182.25,6.900000000000001
1285,1715533731420,1.0,-1.46,0.86,246.4,182.25,6.900000000000001
1286,1715533731430,1.0,-1.46,0.86,246.4,182.25,6.9
1287,1715533731440,1.0,-1.46,0.86,246.4,182.25,6.900000000000001
1288,1715533731450,1.0,-1.46,0.86,246.4,182.25,6.900000000000001
1289,1715533731460,1.0,-1.46,0.86,246.4,182.25,6.900000000000001
1290,1715533731470,1.0,-1.46,0.86,246.4,182.25,6.9
1291,1715533731480,1.0,-1.46,0.86,246.4,182.25,6.900000000000001
1292,1715533731490,0.61,0.02,-2.62,121.40000000000002,73.67,29.850000000000005
1293,1715533731500,0.61,0.02,-2.62,121.40000000000002,73.67,29.850000000000005
1294,1715533731510,0.395,0.0675,-3.1825,121.4,73.67,29.85
1295,1715533731520,-0.25,0.21,-4.87,6.71,87.59,24.54
1296,1715533731530,-0.25,0.21,-4.87,6.71,87.59,24.54
1297,1715533731540,-0.25,0.21,-4.87,6.71,87.59,24.54
1298,1715533731550,-0.3025,0.3025,-4.9625,-8.015,61.085,28.8275
1299,1715533731560,-0.46,0.58,-5.24,-52.19,-18.43,41.69
1300,1715533731570,-0.46,0.58,-5.24,-52.19,-18.43,41.69
1301,1715533731580,-0.46,0.58,-5.24,-52.19,-18.43,41.69
1302,1715533731590,-0.46,0.58,-5.24,-52.19,-18.43,41.69
1303,1715533731600,-0.46,0.58,-5.24,-52.19,-18.43,41.69
1304,1715533731610,-0.46,0.58,-5.24,-52.19,-18.43,41.69
1305,1715533731620,-0.46,0.58,-5.24,-52.19,-18.43,41.69
1306,1715533731630,-0.46,0.58,-5.24,-52.19,-18.43,41.69
1307,1715533731640,-0.46,0.58,-5.24,-52.19,-18.43,41.69
1308,1715533731650,-0.46,0.58,-5.24,-52.19,-18.43,41.69
1309,1715533731660,-0.46,0.58,-5.24,-52.19,-18.43,41.69
1310,1715533731670,-0.46,0.58,-5.24,-52.19,-18.43,41.69
1311,1715533731680,1.8,-2.62,1.42,-451.95000000000005,-217.0975,155.135
1312,1715533731690,1.8,-2.62,1.42,-464.6,-223.75,149.78
1313,1715533731700,1.8,-2.62,1.42,-464.6000000000001,-223.75,149.78
1314,1715533731710,1.7850000000000001,-2.625,2.085,-453.21500000000003,-211.485,136.93
1315,1715533731720,1.77,-2.63,2.75,-441.83,-199.22,124.08
1316,1715533731730,1.7700000000000002,-2.63,2.75,-441.83,-199.22,124.08
1317,1715533731740,1.7700000000000002,-2.63,2.75,-441.83,-199.22,124.08
1318,1715533731750,1.4566666666666668,-2.1233333333333335,2.33,-345.68333333333334,-181.44000000000003,111.42666666666666
1319,1715533731760,1.3,-1.87,2.12,-297.61,-172.55000000000004,105.09999999999998
1320,1715533731770,1.3,-1.87,2.12,-297.61,-172.55000000000004,105.09999999999998
1321,1715533731780,1.3,-1.87,2.12,-297.61,-172.55,105.1
1322,1715533731790,1.05,-1.47,1.6499999999999997,-284.91,-144.78,61.52
1323,1715533731800,1.05,-1.47,1.6499999999999997,-284.91,-144.78,61.52
1324,1715533731810,1.05,-1.47,1.65,-284.91,-144.78,61.52
1325,1715533731820,0.93,-1.37,1.4633333333333336,-354.2033333333334,-71.41333333333334,45.81333333333333
1326,1715533731830,0.87,-1.32,1.37,-388.8500000000001,-34.73,37.96
1327,1715533731840,0.87,-1.32,1.37,-388.8500000000001,-34.73,37.96
1328,1715533731850,0.87,-1.32,1.37,-388.85,-34.73,37.96
1329,1715533731860,0.845,-1.09,1.4,-388.85,-34.73,37.96
1330,1715533731870,0.82,-0.86,1.43,-474.98,35.64,18.01
1331,1715533731880,0.82,-0.86,1.43,-474.98,35.64,18.01
1332,1715533731890,0.82,-0.86,1.43,-474.98,35.64,18.01
1333,1715533731900,0.82,-0.86,1.43,-474.98,35.64,18.01
1334,1715533731910,0.6,-0.39,1.6,-366.64,-43.09,-80.26
1335,1715533731920,0.6,-0.38999999999999996,1.6000000000000003,-366.64000000000004,-43.09,-80.26
1336,1715533731930,0.6,-0.38999999999999996,1.6000000000000003,-366.64000000000004,-43.09,-80.26
1337,1715533731940,0.6,-0.38999999999999996,1.6000000000000003,-366.64000000000004,-43.09,-80.26
1338,1715533731950,0.6,-0.38999999999999996,1.6000000000000003,-366.64000000000004,-43.09,-80.26
1339,1715533731960,0.6,-0.39,1.6,-366.64,-43.09,-80.26
1340,1715533731970,0.6,-0.39,1.6,-366.64,-43.09,-80.26
1341,1715533731980,0.6,-0.38999999999999996,1.6000000000000003,-366.64000000000004,-43.09,-80.26
1342,1715533731990,0.6,-0.38999999999999996,1.6000000000000003,-366.64000000000004,-43.09,-80.26
1343,1715533732000,0.6,-0.38999999999999996,1.6000000000000003,-366.64000000000004,-43.09,-80.26
1344,1715533732010,0.7275,-0.725,5.2125,-199.095,-69.1075,-37.46
1345,1715533732020,1.53,-1.35,6.79,117.74,-16.3,-102.54
1346,1715533732030,1.53,-1.3500000000000003,6.79,117.74,-16.3,-102.54
1347,1715533732040,1.53,-1.3500000000000003,6.79,117.74,-16.3,-102.54
1348,1715533732050,1.5233333333333334,-1.5833333333333333,6.266666666666667,135.60333333333332,51.28666666666667,-96.88333333333333
1349,1715533732060,1.51,-2.05,5.22,171.33,186.46,-85.57
1350,1715533732070,1.51,-2.05,5.22,171.33,186.46,-85.57
1351,1715533732080,1.51,-2.05,5.22,171.33,186.46,-85.57
1352,1715533732090,1.2233333333333334,-1.5899999999999999,4.06,174.74666666666667,195.45333333333335,-67.66666666666667
1353,1715533732100,1.08,-1.36,3.48,181.58,213.44,-31.86
1354,1715533732110,1.08,-1.36,3.48,181.58,213.44,-31.86
1355,1715533732120,1.08,-1.36,3.48,181.58,213.43999999999997,-31.86
1356,1715533732130,1.08,-1.36,3.48,181.58,213.44,-31.86
1357,1715533732140,1.08,-1.36,3.48,181.58,213.44,-31.86
1358,1715533732150,1.08,-1.36,3.48,181.58,213.43999999999997,-31.86
1359,1715533732160,1.08,-1.36,3.48,181.58,213.44,-31.86
1360,1715533732170,1.08,-1.36,3.48,181.58,213.44,-31.86
1361,1715533732180,1.08,-1.36,3.48,181.58,213.43999999999997,-31.86
1362,1715533732190,1.08,-1.36,3.48,181.58,213.44,-31.86
1363,1715533732200,1.1033333333333333,-1.0266666666666666,2.9766666666666666,230.3066666666667,227.03,-6.43
1364,1715533732210,1.2449999999999999,-0.5,1.895,354.91999999999996,241.6975,23.6025
1365,1715533732220,1.53,-0.92,1.67,436.4,204.16,-38.88
1366,1715533732230,1.53,-0.92,1.67,436.3999999999999,204.16,-38.88
1367,1715533732240,1.53,-0.92,1.67,436.3999999999999,204.16,-38.88
1368,1715533732250,1.38,-1.93,1.54,372.35749999999996,200.8225,-88.1325
1369,1715533732260,1.38,-1.93,1.54,351.01,199.71,-104.55
1370,1715533732270,1.38,-1.93,1.54,351.01,199.71,-104.55
1371,1715533732280,1.305,-2.23,1.7349999999999999,350.645,189.425,-92.03999999999999
1372,1715533732290,1.23,-2.53,1.93,350.28,179.14,-79.53
1373,1715533732300,1.23,-2.53,1.93,350.28,179.14,-79.53
1374,1715533732310,1.23,-2.53,1.93,350.28,179.14,-79.53
1375,1715533732320,1.4033333333333333,-2.77,1.51,350.28,179.14,-79.53
1376,1715533732330,1.49,-2.89,1.3,381.6499999999999,171.63,-26.0
1377,1715533732340,1.49,-2.89,1.3,381.6499999999999,171.63,-26.0
1378,1715533732350,1.49,-2.89,1.3,381.6499999999999,171.63,-26.0
1379,1715533732360,1.42,-2.6933333333333334,1.2866666666666668,328.3666666666666,219.29999999999998,-13.123333333333333
1380,1715533732370,1.28,-2.3,1.26,221.80000000000004,314.64,12.63
1381,1715533732380,1.28,-2.3,1.26,221.80000000000004,314.64,12.63
1382,1715533732390,1.28,-2.3,1.26,221.8,314.64,12.63
1383,1715533732400,1.23,-1.95,-1.16,137.20666666666668,402.32666666666665,40.01666666666667
1384,1715533732410,1.23,-1.95,-1.16,94.91000000000001,446.17,53.71
1385,1715533732420,1.23,-1.95,-1.16,94.91000000000001,446.17,53.71
1386,1715533732430,1.23,-1.95,-1.16,94.91,446.17,53.71
1387,1715533732440,1.79,-0.68,-2.24,41.56,343.87000000000006,45.47
1388,1715533732450,1.79,-0.68,-2.24,41.56,343.87,45.47
1389,1715533732460,1.79,-0.68,-2.24,41.56,343.87,45.47
1390,1715533732470,1.79,-0.68,-2.24,41.56,343.87,45.47
1391,1715533732480,1.79,-0.68,-2.24,41.56,343.87,45.47
1392,1715533732490,1.79,-0.68,-2.24,41.56,343.87,45.47
1393,1715533732500,1.79,-0.68,-2.24,41.56,343.87000000000006,45.47
1394,1715533732510,1.79,-0.68,-2.24,41.56,343.87000000000006,45.47
1395,1715533732520,1.79,-0.68,-2.24,41.56,343.87,45.47
1396,1715533732530,1.1866666666666668,-0.09000000000000001,-2.8366666666666673,9.803333333333335,243.87333333333333,7.566666666666667
1397,1715533732540,-0.02,1.09,-4.03,-53.71,43.88,-68.24
1398,1715533732550,0.25,1.52,-3.5,-52.19,-136.11,57.74
1399,1715533732560,0.25,1.5200000000000002,-3.5,-52.19,-136.11,57.74
1400,1715533732570,0.25,1.5200000000000002,-3.5,-52.19,-136.11,57.74
1401,1715533732580,0.9833333333333334,1.16,-3.1333333333333333,-96.08999999999999,-213.54333333333332,95.33999999999999
1402,1715533732590,1.35,0.98,-2.95,-118.04,-252.26,114.14
1403,1715533732600,1.35,0.98,-2.95,-118.04,-252.26,114.14
1404,1715533732610,1.3500000000000003,0.98,-2.9500000000000006,-118.04,-252.26,114.14
1405,1715533732620,1.4800000000000002,0.3833333333333333,-2.23,-165.38333333333333,-251.76999999999998,108.21666666666665
1406,1715533732630,1.74,-0.81,-0.79,-260.07,-250.79,96.37
1407,1715533732640,1.74,-0.81,-0.79,-260.07,-250.79,96.37
1408,1715533732650,1.74,-0.81,-0.79,-260.07,-250.79,96.37
1409,1715533732660,1.74,-0.81,-0.79,-260.07,-250.79,96.37
1410,1715533732670,1.74,-0.81,-0.79,-260.07,-250.79,96.37
1411,1715533732680,1.74,-0.81,-0.79,-260.07,-250.79,96.37
1412,1715533732690,1.74,-0.81,-0.79,-260.07,-250.79,96.37
1413,1715533732700,1.74,-0.81,-0.79,-260.07,-250.79,96.37
1414,1715533732710,1.74,-0.81,-0.79,-260.07,-250.79,96.37
1415,1715533732720,1.74,-0.81,-0.79,-260.07,-250.79,96.37
1416,1715533732730,1.7,-2.56,2.23,-408.63,-254.27,-58.17
1417,1715533732740,1.5099999999999998,-2.6133333333333333,2.186666666666667,-403.21999999999997,-239.17333333333332,-54.36333333333334
1418,1715533732750,1.13,-2.72,2.1,-392.4,-208.98,-46.75
1419,1715533732760,1.13,-2.72,2.1,-392.3999999999999,-208.98,-46.75
1420,1715533732770,1.0699999999999998,-2.435,2.065,-382.085,-179.29,-39.365
1421,1715533732780,1.01,-2.15,2.03,-371.77,-149.6,-31.98
1422,1715533732790,1.01,-2.15,2.03,-371.77,-149.6,-31.98
1423,1715533732800,1.01,-2.15,2.03,-371.77,-149.6,-31.98
1424,1715533732810,0.6966666666666667,-1.89,1.4966666666666668,-384.1366666666666,-126.20333333333333,-38.47
1425,1715533732820,0.54,-1.76,1.23,-408.87000000000006,-79.41,-51.45000000000001
1426,1715533732830,0.54,-1.76,1.23,-408.87,-79.41,-51.45
1427,1715533732840,0.54,-1.76,1.23,-408.87000000000006,-79.41,-51.45000000000001
1428,1715533732850,0.52,-1.42,1.5,-315.61,-195.62,-69.64
1429,1715533732860,0.52,-1.42,1.5,-315.61,-195.62,-69.64
1430,1715533732870,0.52,-1.42,1.5,-315.61,-195.62,-69.64
1431,1715533732880,0.52,-1.42,1.5,-315.61,-195.62,-69.64
1432,1715533732890,0.35333333333333333,-0.9866666666666667,1.6733333333333331,-366.31,-125.38666666666666,-62.15333333333333
1433,1715533732900,0.27,-0.77,1.76,-391.66,-90.27,-58.41
1434,1715533732910,0.27,-0.77,1.76,-391.66,-90.27,-58.41
1435,1715533732920,0.27,-0.77,1.76,-391.66,-90.27,-58.41
1436,1715533732930,0.31,-0.2966666666666667,3.26,-335.2266666666667,-136.49666666666667,-118.38999999999999
1437,1715533732940,0.33,-0.06,4.01,-307.01,-159.61,-148.38
1438,1715533732950,0.33,-0.06,4.01,-307.01,-159.61,-148.38
1439,1715533732960,0.010000000000000009,-0.2866666666666667,5.489999999999999,-287.66,-103.82333333333334,-104.43333333333334
1440,1715533732970,-0.15,-0.4,6.23,-248.96,7.75,-16.54
1441,1715533732980,-0.15,-0.4000000000000001,6.23,-248.96,7.75,-16.54
1442,1715533732990,-0.15,-0.4000000000000001,6.23,-248.96,7.75,-16.54
1443,1715533733000,-0.15,-0.4,6.23,-248.96,7.75,-16.54
1444,1715533733010,-0.15,-0.4,6.23,-248.96,7.75,-16.54
1445,1715533733020,-0.15,-0.4000000000000001,6.23,-248.96,7.75,-16.54
1446,1715533733030,-0.15,-0.4,6.23,-248.96,7.75,-16.54
1447,1715533733040,-0.15,-0.4000000000000001,6.23,-248.96,7.75,-16.54
1448,1715533733050,-0.15,-0.4,6.23,-248.96,7.75,-16.54
1449,1715533733060,0.51,-2.1999999999999997,5.0975,125.125,91.9825,-34.39
1450,1715533733070,0.73,-2.7999999999999994,4.72,249.82000000000002,120.06,-40.34
1451,1715533733080,0.95,-2.07,4.02,234.77499999999998,149.51,6.84
1452,1715533733090,0.95,-2.07,4.02,219.73,178.96,54.02
1453,1715533733100,0.9499999999999998,-2.07,4.02,219.73,178.96,54.02
1454,1715533733110,0.95,-2.07,4.02,219.73,178.96,54.02
1455,1715533733120,1.04,-0.84,2.76,285.96999999999997,189.74,77.53333333333335
1456,1715533733130,1.04,-0.84,2.76,319.09,195.13,89.29
1457,1715533733140,1.04,-0.84,2.76,319.09,195.13,89.29
1458,1715533733150,1.0725,-0.8674999999999999,2.54,319.09,195.13,89.29
1459,1715533733160,1.17,-0.95,1.88,354.1525,213.025,58.667500000000004
1460,1715533733170,1.17,-0.95,1.88,365.84,218.99,48.46
1461,1715533733180,1.17,-0.9499999999999998,1.88,365.84,218.99,48.46
1462,1715533733190,1.17,-0.9499999999999998,1.88,365.84,218.99,48.46
1463,1715533733200,1.17,-0.95,1.88,365.84,218.99,48.46
1464,1715533733210,1.17,-0.9499999999999998,1.88,365.84,218.99,48.46
1465,1715533733220,1.17,-0.95,1.88,365.84,218.99,48.46
1466,1715533733230,1.17,-0.9499999999999998,1.88,365.84,218.99,48.46
1467,1715533733240,1.17,-0.95,1.88,365.84,218.99,48.46
1468,1715533733250,1.2,-1.8199999999999998,1.1525,386.9,184.7075,-7.7075
1469,1715533733260,1.21,-2.11,0.91,393.92,173.28,-26.429999999999996
1470,1715533733270,1.2325,-1.855,1.105,380.825,157.62,-33.614999999999995
1471,1715533733280,1.24,-1.7700000000000002,1.17,376.46,152.4,-36.01
1472,1715533733290,1.24,-1.7700000000000002,1.17,376.46,152.4,-36.01
1473,1715533733300,1.24,-1.7700000000000002,1.17,376.46,152.4,-36.01
1474,1715533733310,1.1,-1.81,0.96,348.45,152.04,-68.85
1475,1715533733320,1.1,-1.81,0.96,348.45,152.04,-68.85
1476,1715533733330,1.1,-1.81,0.96,348.45,152.04,-68.85
1477,1715533733340,1.2266666666666668,-1.6300000000000001,0.9166666666666666,348.45,152.04,-68.85
1478,1715533733350,1.48,-1.27,0.83,254.52,204.47,-44.43
1479,1715533733360,1.48,-1.27,0.83,254.52,204.47,-44.43
1480,1715533733370,1.4799999999999998,-1.27,0.83,254.52,204.47,-44.43
1481,1715533733380,1.48,-1.27,0.83,254.52,204.47,-44.43
1482,1715533733390,1.5133333333333334,-1.1166666666666667,0.3033333333333333,182.00666666666666,277.0566666666667,-92.24333333333334
1483,1715533733400,1.53,-1.04,0.04,145.75,313.35,-116.15000000000002
1484,1715533733410,1.53,-1.04,0.04,145.75,313.35,-116.15
1485,1715533733420,0.9700000000000001,-0.9666666666666668,-0.7333333333333334,136.39333333333335,289.99666666666667,-103.29333333333334
1486,1715533733430,0.69,-0.93,-1.12,117.68,243.29,-77.58
1487,1715533733440,0.69,-0.93,-1.12,117.68,243.29,-77.58
1488,1715533733450,0.7133333333333333,-0.71,-1.2000000000000002,108.05666666666667,221.98666666666668,-80.89333333333333
1489,1715533733460,0.7600000000000001,-0.27,-1.36,88.81,179.38,-87.52
1490,1715533733470,0.76,-0.27,-1.36,88.81,179.38,-87.52
1491,1715533733480,0.7600000000000001,-0.27,-1.36,88.81,179.38,-87.52
1492,1715533733490,0.43333333333333335,-0.05666666666666667,-2.486666666666667,88.81,179.38,-87.52
1493,1715533733500,0.27,0.05,-3.05,88.81,179.38,-87.52
1494,1715533733510,0.27,0.05000000000000001,-3.0499999999999994,88.81,179.38,-87.52
1495,1715533733520,0.27,0.05,-3.05,88.81,179.38,-87.52
1496,1715533733530,0.27,0.05000000000000001,-3.0499999999999994,88.81,179.38,-87.52
1497,1715533733540,0.27,0.05000000000000001,-3.0499999999999994,88.81,179.38,-87.52
1498,1715533733550,0.27,0.05000000000000001,-3.0499999999999994,88.81,179.38,-87.52
1499,1715533733560,0.27,0.05000000000000001,-3.0499999999999994,88.81,179.38,-87.52
1500,1715533733570,0.27,0.05000000000000001,-3.0499999999999994,88.81,179.38,-87.52
1501,1715533733580,-0.07666666666666666,0.09666666666666668,-3.5499999999999994,37.193333333333335,108.72333333333331,-39.24333333333333
1502,1715533733590,-0.77,0.19,-4.55,-66.04,-32.59,57.31
1503,1715533733600,-0.77,0.19000000000000003,-4.55,-66.04,-32.59,57.31
1504,1715533733610,0.84,-0.26,-2.04,-227.05000000000004,-70.56,143.68
1505,1715533733620,0.8400000000000001,-0.26,-2.04,-227.05,-70.56,143.68
1506,1715533733630,0.84,-0.26,-2.04,-227.05,-70.56,143.68
1507,1715533733640,0.8400000000000001,-0.26,-2.04,-227.05,-70.56,143.68
1508,1715533733650,1.03,-1.03,-0.22000000000000003,-321.59,-126.1,101.26
1509,1715533733660,1.03,-1.03,-0.22,-321.59,-126.09999999999998,101.26
1510,1715533733670,1.03,-1.03,-0.22,-321.59,-126.09999999999998,101.26
1511,1715533733680,1.234,-1.33,0.5959999999999999,-361.142,-175.648,105.91000000000001
1512,1715533733690,1.37,-1.53,1.14,-387.51,-208.68,109.01000000000002
1513,1715533733700,1.37,-1.53,1.14,-387.51,-208.67999999999998,109.01
1514,1715533733710,1.37,-1.53,1.14,-387.51,-208.68,109.01000000000002
1515,1715533733720,1.37,-1.53,1.14,-387.51,-208.67999999999998,109.01
1516,1715533733730,1.37,-1.53,1.14,-387.51,-208.68,109.01000000000002
1517,1715533733740,1.37,-1.53,1.14,-387.51,-208.68,109.01000000000002
1518,1715533733750,1.37,-1.53,1.14,-387.51,-208.68,109.01000000000002
1519,1715533733760,1.37,-1.53,1.14,-387.51,-208.68,109.01000000000002
1520,1715533733770,1.3940000000000001,-1.6620000000000001,1.2799999999999998,-371.78999999999996,-229.016,70.022
1521,1715533733780,1.43,-1.86,1.49,-348.21,-259.52,11.54
1522,1715533733790,1.43,-1.86,1.458,-348.21,-259.52,11.54
1523,1715533733800,1.43,-1.86,1.33,-429.14,-227.48,-15.01
1524,1715533733810,1.43,-1.86,1.33,-429.14,-227.47999999999996,-15.01
1525,1715533733820,1.43,-1.86,1.33,-429.14,-227.48,-15.01
1526,1715533733830,1.43,-1.86,1.33,-429.14,-227.47999999999996,-15.01
1527,1715533733840,1.395,-1.85,1.1800000000000002,-441.805,-223.725,-38.845
1528,1715533733850,1.36,-1.84,1.03,-454.47,-219.97,-62.68
1529,1715533733860,1.36,-1.84,1.03,-454.47,-219.97,-62.68
1530,1715533733870,1.36,-1.84,1.03,-454.47,-219.97,-62.68
1531,1715533733880,1.59,-2.06,1.84,-485.66,-201.17,-131.77
1532,1715533733890,1.59,-2.06,1.84,-485.66,-201.17,-131.77
1533,1715533733900,1.59,-2.06,1.84,-485.66,-201.17,-131.77
1534,1715533733910,1.26,-2.0066666666666664,1.86,-461.4466666666667,-195.57666666666668,-126.30000000000001
1535,1715533733920,0.6,-1.9,1.9,-413.02,-184.39,-115.36
1536,1715533733930,0.6,-1.9,1.9,-413.02,-184.39,-115.36
1537,1715533733940,0.6,-1.8999999999999997,1.8999999999999997,-413.02,-184.39,-115.36
1538,1715533733950,0.73,-1.4799999999999998,2.73,-403.1933333333333,-171.91666666666666,-125.71333333333332
1539,1715533733960,0.99,-0.64,4.39,-383.54,-146.97,-146.42
1540,1715533733970,0.9899999999999999,-0.64,4.39,-383.54,-146.97,-146.42
1541,1715533733980,0.9899999999999999,-0.64,4.39,-383.54,-146.97,-146.42
1542,1715533733990,-0.53,-0.93,6.43,-220.46,-83.92,-103.39
1543,1715533734000,-0.53,-0.93,6.43,-220.46,-83.92,-103.39
1544,1715533734010,-0.53,-0.93,6.43,-220.46,-83.92,-103.39
1545,1715533734020,-0.53,-0.93,6.43,-220.46,-83.92,-103.39
1546,1715533734030,-0.53,-0.93,6.43,-220.46,-83.92,-103.39
1547,1715533734040,-0.53,-0.93,6.43,-220.46,-83.92,-103.39
1548,1715533734050,-0.53,-0.93,6.43,-220.46,-83.92,-103.39
1549,1715533734060,-0.53,-0.93,6.43,-220.46,-83.92,-103.39
1550,1715533734070,-0.53,-0.93,6.43,-220.46,-83.92,-103.39
1551,1715533734080,-0.53,-0.93,6.43,-220.46,-83.92,-103.39
1552,1715533734090,-0.53,-0.93,6.43,-220.46,-83.92,-103.39
1553,1715533734100,-0.0766666666666667,-1.2233333333333334,5.353333333333333,-54.38333333333335,15.096666666666664,-31.126666666666665
1554,1715533734110,0.83,-1.8099999999999998,3.2000000000000006,277.77,213.13,113.40000000000002
1555,1715533734120,0.83,-1.8099999999999998,3.2000000000000006,277.77,213.13,113.40000000000002
1556,1715533734130,0.83,-1.81,3.2,277.77,213.13,113.4
1557,1715533734140,1.1700000000000002,-1.2033333333333334,2.7866666666666666,310.5233333333333,200.07000000000002,149.70000000000002
1558,1715533734150,1.34,-0.9,2.58,326.9,193.54,167.85
1559,1715533734160,1.34,-0.9,2.58,326.9,193.54,167.85
1560,1715533734170,1.34,-0.9,2.58,326.9,193.54,167.85
1561,1715533734180,1.5266666666666666,-1.0799999999999998,1.9866666666666666,398.55999999999995,218.52666666666667,99.77
1562,1715533734190,1.6200000000000003,-1.17,1.69,434.39,231.02000000000004,65.73
1563,1715533734200,1.62,-1.17,1.6900000000000002,434.39000000000004,231.02,65.73
1564,1715533734210,1.6200000000000003,-1.17,1.69,434.39,231.02000000000004,65.73
1565,1715533734220,1.6200000000000003,-1.17,1.69,434.39,231.02000000000004,65.73
1566,1715533734230,1.62,-1.17,1.6900000000000002,434.39000000000004,231.02,65.73
1567,1715533734240,1.62,-1.17,1.69,434.39,231.02,65.73
1568,1715533734250,1.62,-1.17,1.69,434.39,231.02,65.73
1569,1715533734260,1.62,-1.17,1.69,434.39,231.02,65.73
1570,1715533734270,1.62,-1.17,1.6900000000000002,434.39000000000004,231.02,65.73
1571,1715533734280,1.62,-1.17,1.69,434.39,231.02,65.73
1572,1715533734290,1.62,-1.17,1.6900000000000002,434.39000000000004,231.02,65.73
1573,1715533734300,1.36,-1.67,1.3699999999999999,365.7033333333334,214.78666666666666,35.29666666666667
1574,1715533734310,1.23,-1.92,1.21,331.36,206.67,20.08
1575,1715533734320,1.23,-1.92,1.21,331.36,206.67,20.08
1576,1715533734330,1.28,-1.8599999999999999,1.08,303.68,222.69,29.085
1577,1715533734340,1.33,-1.8,0.9499999999999998,276.0,238.71,38.09
1578,1715533734350,1.33,-1.8,0.95,276.0,238.71,38.09
1579,1715533734360,1.33,-1.8,0.95,276.0,238.71,38.09
1580,1715533734370,1.3500000000000003,-1.3533333333333333,0.7966666666666665,259.32,195.33666666666667,46.59
1581,1715533734380,1.36,-1.13,0.72,250.98,173.65,50.84
1582,1715533734390,1.36,-1.13,0.7200000000000001,250.98,173.65,50.84
1583,1715533734400,1.36,-1.13,0.7200000000000001,250.98,173.65,50.84
1584,1715533734410,1.38,-1.025,0.345,219.32999999999998,196.47500000000002,28.23
1585,1715533734420,1.3999999999999997,-0.92,-0.03,187.67999999999998,219.30000000000004,5.62
1586,1715533734430,1.3999999999999997,-0.92,-0.03,187.67999999999998,219.30000000000004,5.62
1587,1715533734440,1.3999999999999997,-0.92,-0.03,187.67999999999998,219.30000000000004,5.62
1588,1715533734450,0.53,-0.58,-1.8099999999999998,139.58666666666667,160.58666666666667,-34.419999999999995
1589,1715533734460,0.53,-0.58,-1.8099999999999998,115.54,131.23,-54.44
1590,1715533734470,0.53,-0.58,-1.81,115.54,131.23,-54.44
1591,1715533734480,0.53,-0.58,-1.8099999999999998,115.54,131.23,-54.44
1592,1715533734490,0.28,0.26,-2.5,134.28,-6.53,-65.31
1593,1715533734500,0.28,0.26,-2.5,134.28,-6.53,-65.31
1594,1715533734510,0.09000000000000001,0.26,-3.0949999999999998,96.03999999999999,8.545,-34.67
1595,1715533734520,-0.1,0.26,-3.69,57.8,23.62,-4.03
1596,1715533734530,-0.10000000000000002,0.26,-3.69,57.79999999999999,23.62,-4.03
1597,1715533734540,-0.10000000000000002,0.26,-3.69,57.79999999999999,23.62,-4.03
1598,1715533734550,-0.1,0.26,-3.69,57.8,23.62,-4.03
1599,1715533734560,-0.1,0.26,-3.69,57.8,23.62,-4.03
1600,1715533734570,-0.10000000000000002,0.26,-3.69,57.79999999999999,23.62,-4.03
1601,1715533734580,-0.10000000000000002,0.26,-3.69,57.79999999999999,23.62,-4.03
1602,1715533734590,-0.10000000000000002,0.26,-3.69,57.79999999999999,23.62,-4.03
1603,1715533734600,-0.10000000000000002,0.26,-3.69,57.79999999999999,23.62,-4.03
1604,1715533734610,-0.1,0.26,-3.69,57.8,23.62,-4.03
1605,1715533734620,-0.10000000000000002,0.26,-3.69,57.79999999999999,23.62,-4.03
1606,1715533734630,0.95,-0.6475,-2.0625,-268.675,-97.3175,94.70750000000001
1607,1715533734640,1.3,-0.9499999999999998,-1.5200000000000002,-377.5,-137.63,127.62
1608,1715533734650,1.3,-0.95,-1.52,-377.5,-137.63,127.62
1609,1715533734660,1.3,-0.9499999999999998,-1.5200000000000002,-377.5,-137.63,127.62
1610,1715533734670,1.435,-1.6099999999999999,-0.555,-413.66499999999996,-197.02,87.31
1611,1715533734680,1.57,-2.27,0.41,-449.83,-256.41,47.0
1612,1715533734690,1.57,-2.27,0.41,-449.83,-256.41,47.0
1613,1715533734700,1.6275,-2.3825000000000003,0.7125,-438.6,-268.58500000000004,50.7525
1614,1715533734710,1.8,-2.72,1.62,-404.91,-305.11,62.01
1615,1715533734720,1.8,-2.72,1.62,-404.91,-305.11,62.01
1616,1715533734730,1.8,-2.72,1.62,-404.91,-305.11,62.01
1617,1715533734740,1.8,-2.72,1.62,-404.91,-305.11,62.01
1618,1715533734750,1.8,-2.72,1.62,-404.91,-305.11,62.01
1619,1715533734760,1.8,-2.72,1.62,-404.91,-305.11,62.01
1620,1715533734770,1.8,-2.72,1.62,-404.91,-305.11,62.01
1621,1715533734780,1.8,-2.72,1.62,-404.91,-305.11,62.01
1622,1715533734790,1.8,-2.72,1.62,-404.91,-305.11,62.01
1623,1715533734800,1.8,-2.72,1.62,-404.91,-305.11,62.01
1624,1715533734810,1.8,-2.72,1.62,-404.91,-305.11,62.01
1625,1715533734820,1.6633333333333333,-2.4333333333333336,1.5633333333333335,-382.99666666666667,-261.7966666666667,58.02333333333333
1626,1715533734830,1.39,-1.86,1.45,-339.17,-175.17,50.04999999999999
1627,1715533734840,1.39,-1.86,1.45,-339.17,-175.17,50.04999999999999
1628,1715533734850,1.39,-1.86,1.45,-339.17,-175.17,50.04999999999999
1629,1715533734860,1.2325,-1.6725,1.4575,-378.3575,-111.53999999999999,30.775
1630,1715533734870,1.18,-1.61,1.46,-391.42,-90.33,24.350000000000005
1631,1715533734880,1.18,-1.61,1.46,-391.42,-90.33,24.350000000000005
1632,1715533734890,1.18,-1.61,1.46,-391.42,-90.33,24.35
1633,1715533734900,0.9266666666666667,-1.4433333333333334,1.4000000000000001,-371.8866666666667,-116.57666666666665,-2.3433333333333324
1634,1715533734910,0.8000000000000002,-1.36,1.37,-362.12000000000006,-129.7,-15.69
1635,1715533734920,0.8,-1.36,1.37,-362.12,-129.7,-15.69
1636,1715533734930,0.8000000000000002,-1.36,1.37,-362.12000000000006,-129.7,-15.69
1637,1715533734940,0.67,-0.28,2.56,-300.42,-135.44,27.1
1638,1715533734950,0.67,-0.28,2.56,-300.42,-135.44,27.100000000000005
1639,1715533734960,0.67,-0.28,2.56,-300.42,-135.44,27.1
1640,1715533734970,0.67,-0.28,2.56,-300.42,-135.44,27.100000000000005
1641,1715533734980,0.5033333333333333,0.006666666666666654,3.786666666666667,-321.49333333333334,-54.54666666666666,-36.86666666666667
1642,1715533734990,0.42,0.15,4.4,-332.03,-14.1,-68.85
1643,1715533735000,0.42,0.15,4.4,-332.03,-14.1,-68.85
1644,1715533735010,0.75,-0.15,5.510000000000001,-267.00666666666666,-9.32,-52.69666666666666
1645,1715533735020,1.41,-0.75,7.73,-136.96,0.24,-20.39
1646,1715533735030,1.41,-0.75,7.73,-136.96,0.24,-20.39
1647,1715533735040,1.41,-0.75,7.73,-136.96,0.24,-20.39
1648,1715533735050,1.4,-1.77,7.015000000000001,51.7,11.41,-69.705
1649,1715533735060,1.39,-2.7900000000000005,6.3,240.36,22.58,-119.02
1650,1715533735070,1.39,-2.7900000000000005,6.3,240.36,22.58,-119.02
1651,1715533735080,1.39,-2.7900000000000005,6.3,240.36,22.58,-119.02
1652,1715533735090,1.39,-2.7900000000000005,6.3,240.36,22.58,-119.02
1653,1715533735100,1.39,-2.79,6.3,240.36,22.58,-119.02
1654,1715533735110,1.39,-2.7900000000000005,6.3,240.36,22.58,-119.02
1655,1715533735120,1.39,-2.79,6.3,240.36,22.58,-119.02
1656,1715533735130,1.39,-2.7900000000000005,6.3,240.36,22.58,-119.02
1657,1715533735140,1.39,-2.79,6.3,240.36,22.58,-119.02
1658,1715533735150,1.43,-1.8,4.7,243.015,134.125,-1.3149999999999977
1659,1715533735160,1.47,-0.81,3.1,245.67,245.67,116.39
1660,1715533735170,1.47,-0.81,3.1,245.67,245.67,116.39
1661,1715533735180,1.47,-0.81,3.1,245.67,245.67,116.39
1662,1715533735190,1.61,-0.47,1.96,312.01,267.4,89.42
1663,1715533735200,1.61,-0.47,1.96,312.01,267.4,89.42
1664,1715533735210,1.54,-1.1,1.38,349.12,293.09,44.31
1665,1715533735220,1.54,-1.1,1.38,349.12,293.09,44.31
1666,1715533735230,1.54,-1.1,1.38,349.12000000000006,293.09,44.31
1667,1715533735240,1.54,-1.1,1.38,349.12000000000006,293.09,44.31
1668,1715533735250,1.46,-1.78,0.94,395.7133333333333,239.50333333333333,15.096666666666666
1669,1715533735260,1.46,-1.78,0.94,419.01,212.71,0.49
1670,1715533735270,1.46,-1.78,0.94,419.01,212.71,0.49
1671,1715533735280,1.46,-1.78,0.94,419.01,212.71,0.49
1672,1715533735290,1.46,-1.78,0.94,419.01,212.71,0.49
1673,1715533735300,1.46,-1.78,0.94,419.01,212.71,0.49
1674,1715533735310,1.46,-1.78,0.94,419.01,212.71,0.49
1675,1715533735320,1.46,-1.78,0.94,419.01,212.71,0.49
1676,1715533735330,1.46,-1.78,0.94,419.01,212.71,0.49
1677,1715533735340,1.46,-1.78,0.94,419.01,212.71,0.49
1678,1715533735350,1.2,-1.61,0.96,389.1,140.56,-17.94
1679,1715533735360,1.145,-1.5975000000000001,0.94,381.485,136.99,-20.3525
1680,1715533735370,0.98,-1.56,0.88,358.64,126.28,-27.59
1681,1715533735380,0.98,-1.5599999999999998,0.88,358.64000000000004,126.28000000000002,-27.59
1682,1715533735390,0.98,-1.56,0.88,358.64,126.28,-27.59
1683,1715533735400,1.06,-1.16,0.44,330.56333333333333,132.32333333333335,-11.233333333333334
1684,1715533735410,1.06,-1.16,0.44,274.41,144.41,21.48
1685,1715533735420,1.06,-1.16,0.44,274.41,144.41,21.48
1686,1715533735430,1.06,-1.16,0.44,274.41,144.41,21.48
1687,1715533735440,1.3,-0.65,-0.02,104.68,259.58,-28.5
1688,1715533735450,1.3,-0.65,-0.02,104.68,259.58,-28.5
1689,1715533735460,1.3,-0.65,-0.02,104.68,259.58,-28.5
1690,1715533735470,1.3,-0.65,-0.02,104.68,259.58,-28.5
1691,1715533735480,-0.04,-0.6999999999999998,-1.78,101.26,70.8,-90.58
1692,1715533735490,-0.04,-0.7,-1.78,101.26,70.8,-90.58
1693,1715533735500,-0.04,-0.6999999999999998,-1.78,101.26,70.8,-90.58
1694,1715533735510,-0.0675,-0.5675,-2.09,144.395,46.08,-108.28
1695,1715533735520,-0.15,-0.17,-3.02,273.8,-28.08,-161.38
1696,1715533735530,-0.15,-0.17,-3.02,273.8,-28.08,-161.38
1697,1715533735540,-0.15,-0.17,-3.02,273.8,-28.08,-161.38
1698,1715533735550,-0.71,-0.15500000000000003,-3.465,273.8,-28.08,-161.38
1699,1715533735560,-1.27,-0.14,-3.91,99.43,203.86,-44.37
1700,1715533735570,-1.27,-0.14,-3.91,99.43,203.86,-44.37
1701,1715533735580,-1.27,-0.14,-3.91,99.43,203.86,-44.37
1702,1715533735590,-1.27,-0.14,-3.91,99.43,203.86,-44.37
1703,1715533735600,-1.27,-0.14,-3.91,99.43,203.86,-44.37
1704,1715533735610,-1.27,-0.14,-3.91,99.43,203.86,-44.37
1705,1715533735620,-1.27,-0.14,-3.91,99.43,203.86,-44.37
1706,1715533735630,-1.27,-0.14,-3.91,99.43,203.86,-44.37
1707,1715533735640,-1.27,-0.14,-3.91,99.43,203.86,-44.37
1708,1715533735650,-1.27,-0.14,-3.91,99.43,203.86,-44.37
1709,1715533735660,-1.27,-0.14,-3.91,99.43,203.86,-44.37
1710,1715533735670,-1.27,-0.14,-3.91,99.43,203.86,-44.37
1711,1715533735680,0.47666666666666674,-1.16,-1.51,-201.26999999999998,-49.96666666666666,132.63
1712,1715533735690,1.35,-1.67,-0.31,-351.62,-176.88,221.13
1713,1715533735700,1.3500000000000003,-1.67,-0.31,-351.62000000000006,-176.88,221.13
1714,1715533735710,1.4666666666666668,-1.8399999999999999,0.3833333333333333,-388.8533333333333,-165.28333333333333,202.23000000000002
1715,1715533735720,1.7,-2.18,1.7700000000000002,-463.32,-142.09,164.43
1716,1715533735730,1.7,-2.18,1.77,-463.32,-142.09,164.43
1717,1715533735740,1.7,-2.18,1.7700000000000002,-463.32,-142.09,164.43
1718,1715533735750,1.5599999999999998,-2.27,1.83,-488.22,-108.46,140.26
1719,1715533735760,1.56,-2.27,1.83,-488.22,-108.46,140.26
1720,1715533735770,1.56,-2.27,1.83,-488.22,-108.46,140.26
1721,1715533735780,1.5599999999999998,-2.27,1.83,-488.22,-108.46,140.26
1722,1715533735790,1.5599999999999998,-2.27,1.83,-488.22,-108.46,140.26
1723,1715533735800,1.5599999999999998,-2.27,1.83,-488.22,-108.46,140.26
1724,1715533735810,1.56,-2.27,1.83,-488.22,-108.46,140.26
1725,1715533735820,1.5599999999999998,-2.27,1.83,-488.22,-108.46,140.26
1726,1715533735830,1.56,-2.27,1.83,-488.22,-108.46,140.26
1727,1715533735840,1.5599999999999998,-2.27,1.83,-488.22,-108.46,140.26
1728,1715533735850,1.5599999999999998,-2.27,1.83,-488.22,-108.46,140.26
1729,1715533735860,1.5599999999999998,-2.27,1.83,-488.22,-108.46,140.26
1730,1715533735870,1.5,-1.97,1.4366666666666668,-452.41333333333336,-147.44,27.346666666666664
1731,1715533735880,1.47,-1.82,1.24,-434.51,-166.93,-29.11
1732,1715533735890,1.47,-1.82,1.24,-434.51,-166.93,-29.11
1733,1715533735900,1.3800000000000001,-1.775,1.75,-441.07,-166.93,-30.575
1734,1715533735910,1.3500000000000003,-1.76,1.92,-447.62999999999994,-166.93,-32.04
1735,1715533735920,1.35,-1.76,1.92,-447.63,-166.93,-32.04
1736,1715533735930,1.3500000000000003,-1.76,1.92,-447.62999999999994,-166.93,-32.04
1737,1715533735940,0.9633333333333334,-1.02,2.486666666666667,-414.81333333333333,-185.30333333333337,-30.23
1738,1715533735950,0.77,-0.65,2.77,-349.18,-222.05,-26.61
1739,1715533735960,0.77,-0.65,2.77,-349.18,-222.05000000000004,-26.61
1740,1715533735970,0.77,-0.65,2.77,-349.18,-222.05000000000004,-26.61
1741,1715533735980,0.6699999999999999,0.3633333333333333,3.8033333333333332,-211.68666666666664,-209.42999999999998,16.930000000000003
1742,1715533735990,0.62,0.87,4.32,-142.94,-203.12,38.7
1743,1715533736000,0.62,0.87,4.32,-142.94,-203.12,38.7
1744,1715533736010,0.62,0.87,4.32,-142.94,-203.12,38.7
1745,1715533736020,3.01,0.92,7.43,-202.39,28.99,-8.06
1746,1715533736030,3.01,0.92,7.43,-202.39,28.99,-8.06
1747,1715533736040,3.01,0.92,7.43,-202.39,28.99,-8.06
1748,1715533736050,2.78,0.12250000000000005,7.2299999999999995,-111.1275,40.677499999999995,-63.112500000000004
1749,1715533736060,2.09,-2.27,6.63,162.66,75.74,-228.27
1750,1715533736070,2.09,-2.27,6.63,162.66,75.74,-228.27
1751,1715533736080,2.09,-2.27,6.63,162.66,75.74,-228.27
1752,1715533736090,1.7999999999999998,-2.3175,5.945,150.3,129.2525,-193.175
1753,1715533736100,0.93,-2.46,3.89,113.21999999999998,289.79,-87.89
1754,1715533736110,0.93,-2.46,3.89,113.21999999999998,289.79,-87.89
1755,1715533736120,0.93,-2.46,3.8899999999999997,113.22,289.79,-87.89
1756,1715533736130,0.93,-2.46,3.89,113.22,289.79,-87.89
1757,1715533736140,0.93,-2.46,3.89,113.21999999999998,289.79,-87.89
1758,1715533736150,0.93,-2.46,3.89,113.22,289.79,-87.89
1759,1715533736160,0.93,-2.46,3.89,113.22,289.79,-87.89
1760,1715533736170,0.93,-2.46,3.89,113.21999999999998,289.79,-87.89
1761,1715533736180,0.93,-2.46,3.89,113.22,289.79,-87.89
1762,1715533736190,0.93,-2.46,3.89,113.22,289.79,-87.89
1763,1715533736200,0.93,-2.46,3.89,113.22,289.79,-87.89
1764,1715533736210,1.6099999999999999,-0.63,1.645,314.455,264.83,38.395
1765,1715533736220,1.8099999999999998,-0.94,1.36,337.77,276.49,0.36999999999999994
1766,1715533736230,1.81,-0.94,1.36,337.77,276.49,0.37
1767,1715533736240,1.8099999999999998,-0.94,1.36,337.77,276.49,0.36999999999999994
1768,1715533736250,1.6375000000000002,-1.5474999999999999,1.12,314.3325,274.885,-17.5775
1769,1715533736260,1.58,-1.75,1.04,306.52,274.35,-23.56
1770,1715533736270,1.58,-1.75,1.04,306.52,274.35,-23.56
1771,1715533736280,1.58,-1.75,1.04,306.52,274.35,-23.56
1772,1715533736290,1.415,-1.81,0.965,300.7975,254.94,-14.2675
1773,1715533736300,1.36,-1.83,0.94,298.89,248.47,-11.17
1774,1715533736310,1.36,-1.83,0.94,298.89,248.47,-11.17
1775,1715533736320,1.36,-1.83,0.94,298.89,248.47,-11.17
1776,1715533736330,1.36,-1.83,0.94,298.89,248.47,-11.17
1777,1715533736340,1.36,-1.83,0.94,298.89,248.47,-11.17
1778,1715533736350,1.36,-1.83,0.94,298.89,248.47,-11.17
1779,1715533736360,1.36,-1.83,0.94,298.89,248.47,-11.17
1780,1715533736370,1.36,-1.83,0.94,298.89,248.47,-11.17
1781,1715533736380,1.36,-1.83,0.94,298.89,248.47,-11.17
1782,1715533736390,1.36,-1.83,0.94,298.89,248.47,-11.17
1783,1715533736400,1.505,-1.5699999999999998,1.0150000000000001,304.595,188.35000000000002,-35.765
1784,1715533736410,1.68,-1.48,0.91,310.3,200.74,-37.35
1785,1715533736420,1.68,-1.4799999999999998,0.91,310.3,200.74,-37.35
1786,1715533736430,1.68,-1.4799999999999998,0.91,310.3,200.74,-37.35
1787,1715533736440,1.5999999999999999,-1.2266666666666668,0.33,277.3866666666667,191.38666666666668,-96.84333333333332
1788,1715533736450,1.56,-1.1,0.04,260.93,186.71,-126.59
1789,1715533736460,1.5599999999999998,-1.1,0.04,260.93,186.71,-126.58999999999999
1790,1715533736470,1.5599999999999998,-1.1,0.04,260.93,186.71,-126.58999999999999
1791,1715533736480,0.8266666666666667,-0.84,-1.3066666666666666,244.60999999999999,174.82333333333335,-109.29666666666667
1792,1715533736490,0.46,-0.71,-1.9799999999999998,236.44999999999996,168.88,-100.65000000000002
1793,1715533736500,0.46,-0.71,-1.9799999999999998,236.44999999999996,168.88,-100.65000000000002
1794,1715533736510,0.46,-0.71,-1.98,236.45,168.88,-100.65
1795,1715533736520,-0.9700000000000001,-0.20000000000000004,-5.03,176.69999999999996,34.48,-162.17
1796,1715533736530,-0.9700000000000001,-0.20000000000000004,-5.03,176.69999999999996,34.48,-162.17
1797,1715533736540,-0.9700000000000001,-0.20000000000000004,-5.03,176.69999999999996,34.48,-162.17
1798,1715533736550,-1.23,-0.4033333333333333,-4.933333333333334,176.69999999999996,34.48,-162.17
1799,1715533736560,-1.75,-0.81,-4.74,122.96666666666665,-1.8966666666666707,-133.5633333333333
1800,1715533736570,-1.75,-0.81,-4.74,15.5,-74.65,-76.35
1801,1715533736580,-1.75,-0.81,-4.74,15.5,-74.65,-76.35
1802,1715533736590,-1.9566666666666668,-1.2966666666666666,-4.273333333333333,-32.00333333333334,-85.43,-16.963333333333328
1803,1715533736600,-2.06,-1.54,-4.04,-127.01,-106.99,101.81
1804,1715533736610,-2.06,-1.54,-4.04,-127.01,-106.99,101.81
1805,1715533736620,-2.06,-1.54,-4.04,-127.01,-106.99,101.81
1806,1715533736630,-0.855,-1.65,-2.955,-140.865,-161.375,223.94
1807,1715533736640,0.3499999999999999,-1.76,-1.87,-154.72,-215.76,346.07
1808,1715533736650,0.35,-1.76,-1.87,-154.72,-215.76,346.07
1809,1715533736660,0.35,-1.76,-1.87,-154.72,-215.76,346.07
1810,1715533736670,0.3499999999999999,-1.76,-1.87,-154.72,-215.76,346.07
1811,1715533736680,0.35,-1.76,-1.87,-154.72,-215.76,346.07
1812,1715533736690,0.3499999999999999,-1.76,-1.87,-154.72,-215.76,346.07
1813,1715533736700,0.35,-1.76,-1.87,-154.72,-215.76,346.07
1814,1715533736710,0.3499999999999999,-1.76,-1.87,-154.72,-215.76,346.07
1815,1715533736720,0.35,-1.76,-1.87,-154.72,-215.76,346.07
1816,1715533736730,2.9500000000000006,-2.01,1.9400000000000002,-283.14,-281.49,316.53
1817,1715533736740,2.9500000000000006,-2.01,1.9400000000000002,-283.14,-281.49,316.53
1818,1715533736750,2.7175000000000002,-1.5374999999999999,2.2625,-293.49,-202.89749999999998,283.66499999999996
1819,1715533736760,2.64,-1.38,2.37,-296.94,-176.69999999999996,272.71
1820,1715533736770,2.64,-1.38,2.37,-296.94,-176.7,272.71
1821,1715533736780,2.64,-1.38,2.37,-296.94,-176.7,272.71
1822,1715533736790,1.72,-1.34,1.6900000000000002,-333.07,-97.11,191.65
1823,1715533736800,1.72,-1.34,1.6900000000000002,-333.07,-97.11,191.65
1824,1715533736810,1.72,-1.34,1.69,-333.07,-97.11,191.65
1825,1715533736820,1.5933333333333335,-1.3500000000000003,1.58,-350.09999999999997,-88.46333333333332,176.82000000000002
1826,1715533736830,1.34,-1.37,1.36,-384.16,-71.17,147.16
1827,1715533736840,1.34,-1.37,1.36,-384.16,-71.17,147.16
1828,1715533736850,1.34,-1.37,1.36,-384.16,-71.17,147.16
1829,1715533736860,1.34,-1.37,1.36,-384.16,-71.17,147.16
1830,1715533736870,1.34,-1.37,1.36,-384.16,-71.17,147.16
1831,1715533736880,1.34,-1.37,1.36,-384.16,-71.17,147.16
1832,1715533736890,1.34,-1.37,1.36,-384.16,-71.17,147.16
1833,1715533736900,1.34,-1.37,1.36,-384.16,-71.17,147.16
1834,1715533736910,1.34,-1.37,1.36,-384.16,-71.17,147.16
1835,1715533736920,1.1466666666666667,-1.0133333333333334,1.46,-444.05,-67.52666666666666,98.06
1836,1715533736930,1.16,-0.82,1.55,-454.1,-58.35,86.3
1837,1715533736940,1.1266666666666667,-0.63,2.0,-430.6033333333333,-92.30666666666667,74.11333333333333
1838,1715533736950,1.06,-0.25,2.9,-383.60999999999996,-160.22,49.74
1839,1715533736960,1.06,-0.25,2.9,-383.61,-160.22,49.74
1840,1715533736970,1.06,-0.25,2.9,-383.60999999999996,-160.22,49.74
1841,1715533736980,1.06,-0.25,2.9,-383.60999999999996,-160.22,49.74
1842,1715533736990,0.63,0.19000000000000003,4.03,-310.73,-48.34,20.57
1843,1715533737000,0.63,0.19,4.03,-310.73,-48.34,20.57
1844,1715533737010,1.2966666666666666,0.36999999999999994,4.71,-214.74333333333334,-74.54333333333334,44.699999999999996
1845,1715533737020,2.63,0.73,6.07,-22.77,-126.95,92.96
1846,1715533737030,2.63,0.73,6.07,-22.77,-126.95,92.96
1847,1715533737040,2.63,0.73,6.07,-22.77,-126.95,92.96
1848,1715533737050,2.8633333333333333,0.2733333333333333,6.18,17.330000000000002,-72.06,22.156666666666663
1849,1715533737060,3.33,-0.64,6.400000000000001,97.53000000000002,37.72,-119.45
1850,1715533737070,3.33,-0.64,6.400000000000001,97.53000000000002,37.72,-119.45
1851,1715533737080,3.33,-0.64,6.400000000000001,97.53000000000002,37.72,-119.45
1852,1715533737090,2.9066666666666667,-0.9333333333333332,5.68,123.94,82.70333333333333,-124.53333333333335
1853,1715533737100,2.06,-1.5200000000000002,4.24,176.76,172.67,-134.7
1854,1715533737110,2.06,-1.5200000000000002,4.24,176.76,172.67,-134.7
1855,1715533737120,2.06,-1.52,4.24,176.76,172.67,-134.7
1856,1715533737130,1.46,-0.785,3.1225,186.82999999999998,193.97,-90.755
1857,1715533737140,1.26,-0.54,2.75,196.9,215.27,-46.81
1858,1715533737150,1.26,-0.54,2.75,196.9,215.27,-46.81
1859,1715533737160,1.26,-0.54,2.75,196.9,215.27,-46.81
1860,1715533737170,1.26,-0.54,2.75,196.9,215.27,-46.81
1861,1715533737180,1.26,-0.54,2.75,196.9,215.27,-46.81
1862,1715533737190,1.26,-0.54,2.75,196.9,215.27,-46.81
1863,1715533737200,1.26,-0.54,2.75,196.9,215.27,-46.81
1864,1715533737210,1.26,-0.54,2.75,196.9,215.27,-46.81
1865,1715533737220,1.26,-0.54,2.75,196.9,215.27,-46.81
1866,1715533737230,1.26,-0.54,2.75,196.9,215.27,-46.81
1867,1715533737240,1.26,-0.54,2.75,196.9,215.27,-46.81
1868,1715533737250,1.295,-0.41750000000000004,2.5675,222.215,214.2175,-38.57
1869,1715533737260,1.09,-1.68,1.02,354.31,153.02,-175.66
1870,1715533737270,1.09,-1.68,1.02,354.31,153.02,-175.66
1871,1715533737280,1.105,-1.7349999999999999,1.12,337.31,170.53500000000003,-159.03
1872,1715533737290,1.12,-1.79,1.22,320.31,188.05,-142.4
1873,1715533737300,1.12,-1.79,1.22,320.31,188.05000000000004,-142.4
1874,1715533737310,1.12,-1.79,1.22,320.31,188.05000000000004,-142.4
1875,1715533737320,1.19,-1.67,1.145,295.255,207.705,-136.66
1876,1715533737330,1.26,-1.55,1.07,270.2,227.36,-130.92
1877,1715533737340,1.26,-1.55,1.07,270.2,227.36,-130.92
1878,1715533737350,1.26,-1.55,1.07,270.2,227.36,-130.92
1879,1715533737360,1.26,-1.55,1.07,270.2,227.36,-130.92
1880,1715533737370,1.26,-1.55,1.07,270.2,227.36,-130.92
1881,1715533737380,1.26,-1.55,1.07,270.2,227.36,-130.92
1882,1715533737390,1.26,-1.55,1.07,270.2,227.36,-130.92
1883,1715533737400,1.26,-1.55,1.07,270.2,227.36,-130.92
1884,1715533737410,1.26,-1.55,1.07,270.2,227.36,-130.92
1885,1715533737420,1.26,-1.55,1.07,270.2,227.36,-130.92
1886,1715533737430,1.26,-1.55,1.07,270.2,227.36,-130.92
1887,1715533737440,1.3233333333333333,-1.4266666666666667,1.0666666666666667,267.53666666666663,217.96,-126.50666666666666
1888,1715533737450,1.365,-1.22,0.75,205.66,225.86,-107.515
1889,1715533737460,1.28,-1.26,0.44,149.11,252.56000000000003,-97.34999999999998
1890,1715533737470,1.28,-1.26,0.44,149.11,252.56,-97.35
1891,1715533737480,0.77,-0.89,-0.43,160.64,223.39,-72.81
1892,1715533737490,0.77,-0.89,-0.43,160.64,223.39,-72.81
1893,1715533737500,0.77,-0.89,-0.43,160.64,223.39,-72.81
1894,1715533737510,0.08666666666666667,-0.7066666666666667,-1.9333333333333336,193.7033333333333,173.11666666666665,-68.03
1895,1715533737520,-1.28,-0.34,-4.94,259.83,72.57,-58.47
1896,1715533737530,-1.28,-0.34,-4.94,259.83,72.57,-58.47
1897,1715533737540,-1.28,-0.34,-4.94,259.83,72.57,-58.47
1898,1715533737550,-1.28,-0.34,-4.94,259.83,72.57,-58.47
1899,1715533737560,-1.8999999999999997,-0.29,-6.06,-95.95,63.35,53.1
1900,1715533737570,-1.8999999999999997,-0.29,-6.06,-95.95,63.35,53.1
1901,1715533737580,-1.8999999999999997,-0.29,-6.06,-95.95,63.35,53.1
1902,1715533737590,-0.91,-0.39,-5.06,-162.05,-109.99,161.93
1903,1715533737600,-0.91,-0.38999999999999996,-5.06,-162.05,-109.99,161.93
1904,1715533737610,-0.91,-0.39,-5.06,-162.05,-109.99,161.93
1905,1715533737620,-0.91,-0.38999999999999996,-5.06,-162.05,-109.99,161.93
1906,1715533737630,1.1,-1.1,-2.03,-252.545,-161.8525,221.66750000000002
1907,1715533737640,1.1,-1.1,-2.03,-282.71,-179.14,241.58
1908,1715533737650,1.1,-1.1,-2.03,-282.71,-179.14,241.58
1909,1715533737660,1.3875000000000002,-1.3325,-1.2874999999999999,-297.8775,-194.3225,223.025
1910,1715533737670,2.25,-2.03,0.94,-343.37999999999994,-239.87,167.36
1911,1715533737680,2.25,-2.03,0.94,-343.38,-239.87,167.36
1912,1715533737690,2.25,-2.03,0.94,-343.38,-239.87,167.36
1913,1715533737700,2.25,-2.03,0.94,-343.37999999999994,-239.87,167.36
1914,1715533737710,2.25,-2.03,0.94,-343.38,-239.87,167.36
1915,1715533737720,2.25,-2.03,0.94,-343.38,-239.87,167.36
1916,1715533737730,2.25,-2.03,0.94,-343.38,-239.87,167.36
1917,1715533737740,2.25,-2.03,0.94,-343.37999999999994,-239.87,167.36
1918,1715533737750,2.25,-2.03,0.94,-343.37999999999994,-239.87,167.36
1919,1715533737760,2.25,-2.03,0.94,-343.38,-239.87,167.36
1920,1715533737770,2.25,-2.03,0.94,-343.37999999999994,-239.87,167.36
1921,1715533737780,1.1175000000000002,-1.5474999999999999,1.4949999999999999,-311.875,-114.8225,123.7225
1922,1715533737790,1.06,-1.51,1.4400000000000002,-357.97,-85.94,101.2
1923,1715533737800,1.06,-1.51,1.44,-357.97,-85.94,101.2
1924,1715533737810,1.06,-1.51,1.44,-357.97,-85.94,101.2
1925,1715533737820,0.7799999999999999,-1.49,1.33,-407.17,-30.459999999999997,68.85
1926,1715533737830,0.78,-1.49,1.33,-407.17,-30.46,68.85
1927,1715533737840,0.7799999999999999,-1.49,1.33,-407.17,-30.459999999999997,68.85
1928,1715533737850,0.78,-1.49,1.33,-407.17,-30.46,68.85
1929,1715533737860,0.71,-1.4766666666666666,1.2133333333333334,-413.4766666666667,-39.94,61.87
1930,1715533737870,0.57,-1.45,0.98,-426.09,-58.9,47.91
1931,1715533737880,0.57,-1.45,0.98,-426.09,-58.9,47.91
1932,1715533737890,0.57,-1.45,0.98,-426.09,-58.9,47.91
1933,1715533737900,0.57,-1.45,0.98,-426.09,-58.9,47.91
1934,1715533737910,0.57,-1.45,0.98,-426.09,-58.9,47.91
1935,1715533737920,0.57,-1.45,0.98,-426.09,-58.9,47.91
1936,1715533737930,0.57,-1.45,0.98,-426.09,-58.9,47.91
1937,1715533737940,0.57,-1.45,0.98,-426.09,-58.9,47.91
1938,1715533737950,0.57,-1.45,0.98,-426.09,-58.9,47.91
1939,1715533737960,0.57,-1.45,0.98,-426.09,-58.9,47.91
1940,1715533737970,0.7166666666666667,-0.7633333333333333,3.3433333333333333,-425.55333333333334,-110.62,55.339999999999996
1941,1715533737980,0.69,-0.79,4.02,-469.54,33.14,6.099999999999999
1942,1715533737990,0.69,-0.79,4.02,-469.54,33.14,6.099999999999999
1943,1715533738000,0.69,-0.79,4.02,-469.54,33.14,6.099999999999999
1944,1715533738010,0.8766666666666666,-0.31,5.593333333333334,-344.03333333333336,10.983333333333334,-5.21
1945,1715533738020,0.97,-0.07,6.38,-93.02,-33.33,-27.83
1946,1715533738030,0.97,-0.07,6.38,-93.02,-33.33,-27.83
1947,1715533738040,0.9700000000000001,-0.07,6.38,-93.02,-33.33,-27.83
1948,1715533738050,1.105,-1.375,6.8225,-16.025,89.265,-30.1175
1949,1715533738060,1.15,-1.8099999999999998,6.97,9.64,130.13,-30.88
1950,1715533738070,1.15,-1.81,6.97,9.64,130.13,-30.88
1951,1715533738080,1.15,-1.8099999999999998,6.97,9.64,130.13,-30.88
1952,1715533738090,0.965,-2.3600000000000003,6.285,124.35499999999999,152.59,-59.019999999999996
1953,1715533738100,0.7799999999999999,-2.91,5.599999999999999,239.07000000000002,175.05000000000004,-87.16000000000001
1954,1715533738110,0.78,-2.91,5.6,239.07,175.05,-87.16
1955,1715533738120,0.7799999999999999,-2.91,5.599999999999999,239.07000000000002,175.05000000000004,-87.16000000000001
1956,1715533738130,0.15,-2.22,3.48,271.78999999999996,170.16333333333333,-10.253333333333332
1957,1715533738140,0.15,-2.22,3.48,288.15,167.72,28.2
1958,1715533738150,0.15,-2.22,3.48,288.15,167.72,28.2
1959,1715533738160,0.15,-2.22,3.48,288.15,167.72,28.2
1960,1715533738170,0.395,-1.6550000000000002,2.955,342.105,136.29,71.655
1961,1715533738180,0.64,-1.09,2.43,396.06,104.86,115.11
1962,1715533738190,0.64,-1.09,2.43,396.06,104.86,115.11
1963,1715533738200,0.7933333333333333,-1.0166666666666668,2.0900000000000003,439.31333333333333,104.45333333333333,84.00333333333333
1964,1715533738210,1.1,-0.87,1.41,525.82,103.64,21.79
1965,1715533738220,1.1,-0.87,1.41,525.82,103.64,21.79
1966,1715533738230,1.1,-0.87,1.41,525.82,103.64,21.790000000000003
1967,1715533738240,1.1,-0.87,1.41,525.82,103.64,21.79
1968,1715533738250,1.1,-0.87,1.41,525.82,103.64,21.790000000000003
1969,1715533738260,1.1,-0.87,1.41,525.82,103.64,21.790000000000003
1970,1715533738270,1.1,-0.87,1.41,525.82,103.64,21.79
1971,1715533738280,1.1,-0.87,1.41,525.82,103.64,21.790000000000003
1972,1715533738290,1.1,-0.87,1.41,525.82,103.64,21.790000000000003
1973,1715533738300,0.74,-1.5675000000000001,1.2825,362.08000000000004,137.24,-76.7225
1974,1715533738310,0.62,-1.8,1.24,307.5,148.44,-109.56
1975,1715533738320,0.56,-1.96,1.2,280.09,189.21,-44.49
1976,1715533738330,0.56,-1.96,1.2,280.09,189.21,-44.49
1977,1715533738340,0.56,-1.96,1.2,280.09,189.21,-44.49
1978,1715533738350,0.56,-1.96,1.2,280.09,189.21,-44.49
1979,1715533738360,0.9575,-1.765,1.1325,308.6575,132.3075,-52.275
1980,1715533738370,1.09,-1.7,1.11,318.18,113.33999999999999,-54.87
1981,1715533738380,1.09,-1.7,1.11,318.18,113.33999999999999,-54.87
1982,1715533738390,1.09,-1.7,1.11,318.18,113.33999999999999,-54.87
1983,1715533738400,1.2833333333333332,-1.46,1.0633333333333335,284.32666666666665,125.26666666666665,-48.35666666666666
1984,1715533738410,1.38,-1.34,1.04,267.4,131.23,-45.1
1985,1715533738420,1.38,-1.34,1.04,267.4,131.23,-45.1
1986,1715533738430,1.38,-1.34,1.04,267.4,131.23,-45.1
1987,1715533738440,1.38,-1.34,1.04,267.4,131.23,-45.1
1988,1715533738450,1.38,-1.34,1.04,267.4,131.23,-45.1
1989,1715533738460,1.38,-1.34,1.04,267.4,131.23,-45.1
1990,1715533738470,1.38,-1.34,1.04,267.4,131.23,-45.1
1991,1715533738480,1.38,-1.34,1.04,267.4,131.23,-45.1
1992,1715533738490,1.2166666666666666,-1.1600000000000001,0.20000000000000004,201.0333333333333,176.33333333333334,-60.09666666666667
1993,1715533738500,0.89,-0.8,-1.48,68.3,266.54,-90.09
1994,1715533738510,0.77,0.04,-2.313333333333333,67.24,206.64666666666668,-100.22333333333334
1995,1715533738520,0.71,0.46,-2.73,66.71,176.7,-105.29
1996,1715533738530,0.71,0.46,-2.73,66.71,176.69999999999996,-105.29
1997,1715533738540,0.71,0.46,-2.73,66.71,176.69999999999996,-105.29
1998,1715533738550,-0.24,0.7600000000000001,-4.77,78.12,-29.36,-148.07
1999,1715533738560,-0.24,0.7600000000000001,-4.77,78.12,-29.36,-148.07
2000,1715533738570,-0.24,0.7600000000000001,-4.77,78.12,-29.36,-148.07
2001,1715533738580,-0.24,0.76,-4.77,78.12,-29.36,-148.07
2002,1715533738590,-0.94,0.84,-4.62,-113.95,17.09,-42.85
2003,1715533738600,-0.94,0.84,-4.62,-113.95,17.09,-42.85
2004,1715533738610,-0.94,0.84,-4.62,-113.95,17.09,-42.85
2005,1715533738620,-0.84,0.5499999999999999,-4.406666666666667,-113.95,17.09,-42.85
2006,1715533738630,-0.64,-0.03,-3.98,-57.68,-177.18999999999997,45.41
2007,1715533738640,-0.64,-0.03,-3.98,-57.68,-177.18999999999997,45.41
2008,1715533738650,-0.64,-0.03,-3.98,-57.68,-177.19,45.41
2009,1715533738660,-0.06666666666666665,-0.34,-3.2066666666666666,-104.51333333333334,-185.12333333333333,86.06
2010,1715533738670,1.08,-0.96,-1.66,-198.17999999999998,-200.99,167.36
2011,1715533738680,1.08,-0.96,-1.66,-198.18,-200.99,167.36
2012,1715533738690,1.08,-0.96,-1.66,-198.18,-200.99,167.36
2013,1715533738700,1.875,-1.5525,-0.16749999999999998,-294.86249999999995,-278.4425,136.505
2014,1715533738710,2.14,-1.75,0.33,-327.09,-304.26,126.21999999999998
2015,1715533738720,2.14,-1.75,0.33,-327.09,-304.26,126.22
2016,1715533738730,2.14,-1.75,0.33,-327.09,-304.26,126.21999999999998
2017,1715533738740,2.14,-1.75,0.33,-327.09,-304.26,126.21999999999998
2018,1715533738750,2.14,-1.75,0.33,-327.09,-304.26,126.22
2019,1715533738760,2.14,-1.75,0.33,-327.09,-304.26,126.21999999999998
2020,1715533738770,2.14,-1.75,0.33,-327.09,-304.26,126.22
2021,1715533738780,2.14,-1.75,0.33,-327.09,-304.26,126.21999999999998
2022,1715533738790,2.14,-1.75,0.33,-327.09,-304.26,126.22
2023,1715533738800,2.14,-1.75,0.33,-327.09,-304.26,126.21999999999998
2024,1715533738810,2.14,-1.75,0.33,-327.09,-304.26,126.22
2025,1715533738820,2.08,-1.815,0.7525,-323.8075,-295.2575,114.5775
2026,1715533738830,1.9,-2.01,2.02,-313.96,-268.25,79.65
2027,1715533738840,1.8999999999999997,-2.01,2.02,-313.96,-268.25,79.65
2028,1715533738850,1.435,-1.9575,1.705,-393.565,-161.04500000000002,73.8825
2029,1715533738860,1.28,-1.9400000000000002,1.6000000000000003,-420.1000000000001,-125.31,71.96
2030,1715533738870,1.28,-1.94,1.6,-420.1,-125.31,71.96
2031,1715533738880,1.28,-1.9400000000000002,1.6000000000000003,-420.1000000000001,-125.31,71.96
2032,1715533738890,1.25,-1.8725,1.6150000000000002,-375.835,-173.8725,41.93
2033,1715533738900,1.24,-1.8500000000000003,1.62,-361.08,-190.06000000000003,31.92
2034,1715533738910,1.24,-1.85,1.62,-361.08,-190.06,31.92
2035,1715533738920,1.0433333333333332,-1.79,1.5733333333333335,-361.08,-190.06000000000003,31.92
2036,1715533738930,0.65,-1.67,1.48,-429.5175,-120.85,33.1125
2037,1715533738940,0.65,-1.67,1.4799999999999998,-452.33,-97.78000000000002,33.51
2038,1715533738950,0.65,-1.67,1.48,-452.33,-97.78,33.51
2039,1715533738960,0.65,-1.67,1.48,-452.33,-97.78,33.51
2040,1715533738970,0.65,-1.67,1.48,-452.33,-97.78,33.51
2041,1715533738980,0.65,-1.67,1.4799999999999998,-452.33,-97.78000000000002,33.51
2042,1715533738990,0.65,-1.67,1.48,-452.33,-97.78,33.51
2043,1715533739000,0.65,-1.67,1.4799999999999998,-452.33,-97.78000000000002,33.51
2044,1715533739010,0.65,-1.67,1.4799999999999998,-452.33,-97.78000000000002,33.51
2045,1715533739020,-0.16,-0.25,4.59,-373.8999999999999,-98.45,50.72
2046,1715533739030,-0.16,-0.25,4.59,-373.9,-98.45,50.72
2047,1715533739040,0.9400000000000001,0.016666666666666663,6.756666666666667,-165.11999999999998,-75.87,40.626666666666665
2048,1715533739050,1.49,0.15,7.84,-60.73,-64.58,35.58
2049,1715533739060,1.49,0.15,7.84,-60.73,-64.58,35.58
2050,1715533739070,1.49,0.15,7.84,-60.73,-64.58,35.58
2051,1715533739080,1.3025,-1.11,6.7524999999999995,185.26999999999998,3.9025000000000007,-1.4025000000000007
2052,1715533739090,1.24,-1.53,6.39,267.27,26.73,-13.73
2053,1715533739100,1.24,-1.53,6.39,267.27,26.73,-13.73
2054,1715533739110,1.24,-1.53,6.39,267.27,26.73,-13.729999999999999
2055,1715533739120,1.95,-1.68,4.92,276.61,107.54,-41.93
2056,1715533739130,1.95,-1.68,4.92,276.61,107.54,-41.93
2057,1715533739140,1.95,-1.68,4.92,276.61,107.54,-41.93
2058,1715533739150,1.95,-1.68,4.92,276.61,107.54,-41.93
2059,1715533739160,1.77,-1.17,3.77,235.78,248.72,-6.04
2060,1715533739170,1.7700000000000002,-1.17,3.77,235.78,248.72,-6.04
2061,1715533739180,1.7700000000000002,-1.17,3.77,235.78,248.72,-6.04
2062,1715533739190,1.77,-1.17,3.77,235.78,248.72,-6.04
2063,1715533739200,1.59,-0.5,2.38,321.29,240.78,-23.5
2064,1715533739210,1.59,-0.5,2.38,321.29,240.78,-23.5
2065,1715533739220,1.59,-0.5,2.38,321.29,240.78,-23.5
2066,1715533739230,1.82,-0.7399999999999999,1.62,282.84,378.10999999999996,-46.14000000000001
2067,1715533739240,1.82,-0.74,1.62,282.84,378.11,-46.14
2068,1715533739250,1.82,-0.7399999999999999,1.62,282.84,378.10999999999996,-46.14000000000001
2069,1715533739260,1.82,-0.7399999999999999,1.62,282.84,378.10999999999996,-46.14000000000001
2070,1715533739270,1.82,-0.7399999999999999,1.62,282.84,378.10999999999996,-46.14000000000001
2071,1715533739280,1.82,-0.7399999999999999,1.62,282.84,378.10999999999996,-46.14000000000001
2072,1715533739290,1.82,-0.74,1.62,282.84,378.11,-46.14
2073,1715533739300,1.82,-0.7399999999999999,1.62,282.84,378.10999999999996,-46.14000000000001
2074,1715533739310,1.82,-0.74,1.62,282.84,378.11,-46.14
2075,1715533739320,1.82,-0.7399999999999999,1.62,282.84,378.10999999999996,-46.14000000000001
2076,1715533739330,1.82,-0.74,1.62,282.84,378.11,-46.14
2077,1715533739340,1.82,-0.7399999999999999,1.62,282.84,378.10999999999996,-46.14000000000001
2078,1715533739350,1.1033333333333333,-1.9000000000000001,0.9500000000000001,290.32666666666665,283.47,-37.92
2079,1715533739360,1.01,-1.95,0.91,294.07,236.15,-33.81
2080,1715533739370,1.01,-1.95,0.91,294.07,236.15,-33.81
2081,1715533739380,0.8375,-1.77,0.88,254.73,224.155,-16.415000000000003
2082,1715533739390,0.7799999999999999,-1.71,0.87,215.39,212.16,0.98
2083,1715533739400,0.78,-1.71,0.87,215.39,212.16,0.98
2084,1715533739410,0.7799999999999999,-1.71,0.87,215.39,212.16,0.98
2085,1715533739420,0.8275,-1.635,0.8125,214.3675,206.6825,7.402500000000001
2086,1715533739430,0.97,-1.41,0.64,211.3,190.25,26.67
2087,1715533739440,0.9700000000000001,-1.41,0.64,211.30000000000004,190.25,26.67
2088,1715533739450,0.97,-1.41,0.64,211.3,190.25,26.67
2089,1715533739460,0.9700000000000001,-1.41,0.64,211.30000000000004,190.25,26.67
2090,1715533739470,0.97,-1.41,0.64,211.3,190.25,26.67
2091,1715533739480,0.97,-1.41,0.64,211.3,190.25,26.67
2092,1715533739490,0.9700000000000001,-1.41,0.64,211.30000000000004,190.25,26.67
2093,1715533739500,0.97,-1.41,0.64,211.3,190.25,26.67
2094,1715533739510,0.9700000000000001,-1.41,0.64,211.30000000000004,190.25,26.67
2095,1715533739520,0.9700000000000001,-1.41,0.64,211.30000000000004,190.25,26.67
2096,1715533739530,0.9700000000000001,-1.41,0.64,211.30000000000004,190.25,26.67
2097,1715533739540,0.4766666666666666,-0.25666666666666665,-1.8666666666666665,38.77333333333333,169.21,-18.656666666666666
2098,1715533739550,0.23,0.32,-3.12,-47.49,158.69,-41.32
2099,1715533739560,0.23,0.32,-3.1199999999999997,-47.49,158.69,-41.32
2100,1715533739570,0.245,0.54,-3.57,-48.665,118.59,-25.085
2101,1715533739580,0.26,0.7600000000000001,-4.02,-52.19,-1.71,23.62
2102,1715533739590,0.26,0.76,-4.02,-52.19,-1.71,23.62
2103,1715533739600,0.26,0.7600000000000001,-4.02,-52.19,-1.71,23.62
2104,1715533739610,0.29333333333333333,0.9,-3.973333333333333,-68.12,-25.146666666666665,38.61333333333334
2105,1715533739620,0.31,0.9700000000000001,-3.9500000000000006,-99.98,-72.02,68.6
2106,1715533739630,0.31,0.97,-3.95,-99.98,-72.02,68.6
2107,1715533739640,0.31,0.9700000000000001,-3.9500000000000006,-99.98,-72.02,68.6
2108,1715533739650,0.7075,0.3775,-3.4025000000000003,-99.98,-72.02,68.6
2109,1715533739660,0.84,0.18,-3.22,-107.91,-234.99,99.24
2110,1715533739670,0.84,0.18,-3.22,-107.91,-234.99,99.24
2111,1715533739680,0.84,0.18000000000000002,-3.22,-107.91000000000001,-234.99,99.24
2112,1715533739690,2.13,-1.0,-1.09,-273.03,-236.25,130.45333333333335
2113,1715533739700,2.13,-1.0,-1.09,-355.59,-236.88,146.06
2114,1715533739710,2.13,-1.0,-1.09,-355.59,-236.88,146.06
2115,1715533739720,2.13,-1.0,-1.09,-355.59,-236.88,146.06
2116,1715533739730,2.4033333333333333,-1.3533333333333335,-0.37000000000000005,-402.03666666666663,-268.27,110.41333333333334
2117,1715533739740,2.9500000000000006,-2.06,1.07,-494.93,-331.05,39.12
2118,1715533739750,2.9500000000000006,-2.06,1.07,-494.93,-331.05,39.12
2119,1715533739760,2.865,-2.3325,1.425,-503.6275,-336.6975,11.2275
2120,1715533739770,2.61,-3.15,2.49,-529.72,-353.64000000000004,-72.45
2121,1715533739780,2.61,-3.15,2.49,-529.72,-353.64000000000004,-72.45
2122,1715533739790,2.61,-3.15,2.49,-529.72,-353.64000000000004,-72.45
2123,1715533739800,2.61,-3.15,2.49,-529.72,-353.64000000000004,-72.45
2124,1715533739810,2.61,-3.15,2.49,-529.72,-353.64,-72.45
2125,1715533739820,2.61,-3.15,2.49,-529.72,-353.64,-72.45
2126,1715533739830,2.61,-3.15,2.49,-529.72,-353.64,-72.45
2127,1715533739840,2.61,-3.15,2.49,-529.72,-353.64000000000004,-72.45
2128,1715533739850,2.61,-3.15,2.49,-529.72,-353.64,-72.45
2129,1715533739860,2.61,-3.15,2.49,-529.72,-353.64000000000004,-72.45
2130,1715533739870,2.61,-3.15,2.49,-529.72,-353.64000000000004,-72.45
2131,1715533739880,1.1066666666666667,-2.0533333333333332,1.7433333333333334,-318.38,-254.25,-26.53333333333333
2132,1715533739890,0.94,-1.93,1.71,-339.78,-232.73,-17.58
2133,1715533739900,0.94,-1.93,1.71,-339.78,-232.73,-17.58
2134,1715533739910,0.94,-1.93,1.71,-339.78,-232.73,-17.58
2135,1715533739920,0.6775,-1.5699999999999998,1.68,-327.46500000000003,-230.345,32.955
2136,1715533739930,0.59,-1.45,1.67,-323.36,-229.55000000000004,49.79999999999999
2137,1715533739940,0.59,-1.45,1.67,-323.36,-229.55000000000004,49.79999999999999
2138,1715533739950,0.5825,-1.2375,1.73,-323.36,-229.55,49.8
2139,1715533739960,0.56,-0.6,1.91,-301.93666666666667,-230.89333333333335,51.54999999999999
2140,1715533739970,0.56,-0.6,1.91,-259.09,-233.58,55.04999999999999
2141,1715533739980,0.56,-0.6,1.91,-259.09,-233.58,55.04999999999999
2142,1715533739990,0.56,-0.6,1.91,-259.09,-233.58,55.05
2143,1715533740000,0.56,-0.6,1.91,-259.09,-233.58,55.05
2144,1715533740010,0.56,-0.6,1.91,-259.09,-233.58,55.04999999999999
2145,1715533740020,0.56,-0.6,1.91,-259.09,-233.58,55.05
2146,1715533740030,0.56,-0.6,1.91,-259.09,-233.58,55.04999999999999
2147,1715533740040,0.56,-0.6,1.91,-259.09,-233.58,55.05
2148,1715533740050,0.56,-0.6,1.91,-259.09,-233.58,55.05
2149,1715533740060,1.0150000000000001,0.195,3.555,-198.665,-167.26500000000001,55.845
2150,1715533740070,1.63,0.52,5.546666666666667,-75.78333333333335,-52.446666666666665,22.276666666666667
2151,1715533740080,1.95,-0.42,6.24,49.13,44.56,-46.45
2152,1715533740090,1.95,-0.42,6.24,49.13,44.56,-46.45
2153,1715533740100,1.95,-0.42,6.239999999999999,49.13,44.56,-46.45000000000001
2154,1715533740110,2.33,-1.305,5.86,80.39500000000001,75.595,-40.835
2155,1715533740120,2.71,-2.19,5.48,174.19,168.7,-23.99
2156,1715533740130,2.71,-2.19,5.48,174.19,168.7,-23.99
2157,1715533740140,2.7099999999999995,-2.19,5.48,174.18999999999997,168.7,-23.99
2158,1715533740150,2.98,-1.8599999999999999,4.640000000000001,190.245,227.385,-30.824999999999996
2159,1715533740160,3.07,-1.75,4.36,206.30000000000004,286.07,-37.66
2160,1715533740170,3.07,-1.75,4.36,206.30000000000004,286.07,-37.66
2161,1715533740180,3.07,-1.75,4.36,206.3,286.07,-37.66
2162,1715533740190,2.18,-0.85,2.74,220.9466666666667,314.06333333333333,-8.199999999999998
2163,1715533740200,2.18,-0.85,2.74,228.27,328.06,6.53
2164,1715533740210,2.18,-0.85,2.74,228.27,328.06,6.53
2165,1715533740220,2.18,-0.85,2.74,228.27,328.06,6.53
2166,1715533740230,1.58,-0.79,1.9799999999999998,329.41,257.51,11.29
2167,1715533740240,1.58,-0.79,1.9799999999999998,329.41,257.51,11.29
2168,1715533740250,1.58,-0.79,1.9799999999999998,329.41,257.51,11.29
2169,1715533740260,1.58,-0.79,1.98,329.41,257.51,11.29
2170,1715533740270,1.5233333333333334,-1.0266666666666666,1.71,367.21000000000004,246.50333333333333,-4.233333333333334
2171,1715533740280,1.41,-1.5,1.17,442.81,224.49,-35.28
2172,1715533740290,1.41,-1.5,1.17,442.81,224.49,-35.28
2173,1715533740300,1.41,-1.5,1.17,442.81,224.49,-35.28
2174,1715533740310,1.23,-2.15,1.13,442.81,224.49,-35.28
2175,1715533740320,1.23,-2.15,1.13,442.81,224.49,-35.28
2176,1715533740330,1.23,-2.15,1.13,442.81,224.49,-35.28
2177,1715533740340,1.23,-2.15,1.13,442.81,224.49,-35.28
2178,1715533740350,1.23,-2.15,1.13,442.81,224.49,-35.28
2179,1715533740360,1.23,-2.15,1.13,442.81,224.49,-35.28
2180,1715533740370,1.23,-2.15,1.13,442.81,224.49,-35.28
2181,1715533740380,1.23,-2.15,1.13,442.81,224.49,-35.28
2182,1715533740390,1.23,-2.15,1.13,442.81,224.49,-35.28
2183,1715533740400,1.37,-2.21,1.33,317.75,254.69999999999996,-84.72
2184,1715533740410,1.37,-2.21,1.33,317.75,254.69999999999996,-84.72
2185,1715533740420,1.3625,-2.1625,1.215,296.6925,268.09749999999997,-72.16
2186,1715533740430,1.34,-2.02,0.87,233.52,308.29,-34.48
2187,1715533740440,1.34,-2.02,0.87,233.52,308.29,-34.48
2188,1715533740450,1.34,-2.02,0.87,233.52,308.29,-34.48
2189,1715533740460,1.32,-1.8433333333333335,0.7633333333333333,224.99666666666667,317.18,-27.626666666666665
2190,1715533740470,1.28,-1.49,0.55,207.95,334.96,-13.92
2191,1715533740480,1.28,-1.49,0.55,207.94999999999996,334.96,-13.92
2192,1715533740490,1.28,-1.49,0.55,207.95,334.96,-13.92
2193,1715533740500,1.02,-1.26,-1.32,179.99,326.54,-4.76
2194,1715533740510,1.02,-1.26,-1.32,179.99,326.54,-4.76
2195,1715533740520,1.02,-1.26,-1.32,179.99,326.54,-4.76
2196,1715533740530,1.02,-1.26,-1.32,179.99,326.54,-4.76
2197,1715533740540,1.02,-1.26,-1.32,179.99,326.54,-4.76
2198,1715533740550,1.02,-1.26,-1.32,179.99,326.54,-4.76
2199,1715533740560,1.02,-1.26,-1.32,179.99,326.54,-4.76
2200,1715533740570,1.02,-1.26,-1.32,179.99,326.54,-4.76
2201,1715533740580,1.02,-1.26,-1.32,179.99,326.54,-4.76
2202,1715533740590,0.49666666666666665,-0.36999999999999994,-2.7266666666666666,102.36000000000001,64.63666666666667,25.55666666666667
2203,1715533740600,0.49,-0.24,-2.89,80.51,30.7,23.93
2204,1715533740610,0.3233333333333333,-0.19666666666666666,-3.356666666666667,64.55666666666667,3.2533333333333325,44.416666666666664
2205,1715533740620,-0.01,-0.11,-4.29,32.65,-51.64,85.39
2206,1715533740630,-0.01,-0.11,-4.29,32.65,-51.64000000000001,85.39
2207,1715533740640,-0.01,-0.11,-4.29,32.65,-51.64,85.39
2208,1715533740650,-0.3233333333333333,-0.25666666666666665,-4.863333333333333,-65.41,-36.946666666666665,126.48333333333333
2209,1715533740660,-0.48,-0.33,-5.15,-114.44,-29.600000000000005,147.03
2210,1715533740670,-0.48,-0.33,-5.15,-114.44,-29.6,147.03
2211,1715533740680,-0.48,-0.33,-5.15,-114.44,-29.6,147.03
2212,1715533740690,1.03,-0.79,-2.83,-293.27,-120.54,252.44
2213,1715533740700,1.03,-0.79,-2.83,-293.27,-120.54,252.43999999999997
2214,1715533740710,1.03,-0.79,-2.83,-293.27,-120.54,252.43999999999997
2215,1715533740720,1.03,-0.79,-2.83,-293.27,-120.54,252.44
2216,1715533740730,1.8775000000000002,-1.3825,-0.8200000000000001,-471.66499999999996,-132.72,173.0675
2217,1715533740740,2.16,-1.58,-0.15,-531.13,-136.78,146.61
2218,1715533740750,2.16,-1.58,-0.15,-531.13,-136.78,146.61
2219,1715533740760,2.165,-1.9,0.45,-531.13,-136.78,146.61
2220,1715533740770,2.18,-2.86,2.25,-538.8000000000001,-169.72,106.28333333333335
2221,1715533740780,2.18,-2.86,2.25,-554.14,-235.6,25.63
2222,1715533740790,2.18,-2.86,2.25,-554.14,-235.6,25.63
2223,1715533740800,2.0833333333333335,-2.6999999999999997,2.203333333333333,-512.39,-234.46,13.40333333333333
2224,1715533740810,1.89,-2.38,2.11,-428.89000000000004,-232.17999999999998,-11.050000000000002
2225,1715533740820,1.89,-2.38,2.11,-428.89,-232.18,-11.05
2226,1715533740830,1.89,-2.38,2.11,-428.89,-232.18,-11.05
2227,1715533740840,1.89,-2.38,2.11,-428.89,-232.18,-11.05
2228,1715533740850,1.89,-2.38,2.11,-428.89000000000004,-232.17999999999998,-11.050000000000002
2229,1715533740860,1.89,-2.38,2.11,-428.89,-232.18,-11.05
2230,1715533740870,1.89,-2.38,2.11,-428.89000000000004,-232.17999999999998,-11.050000000000002
2231,1715533740880,1.89,-2.38,2.11,-428.89,-232.18,-11.05
2232,1715533740890,1.89,-2.38,2.11,-428.89000000000004,-232.17999999999998,-11.050000000000002
2233,1715533740900,1.89,-2.38,2.11,-428.89000000000004,-232.17999999999998,-11.050000000000002
2234,1715533740910,1.89,-2.38,2.11,-428.89000000000004,-232.17999999999998,-11.050000000000002
2235,1715533740920,1.4933333333333332,-2.21,1.8266666666666664,-431.29333333333335,-202.79999999999998,-34.52666666666667
2236,1715533740930,0.7,-1.87,1.26,-436.1,-144.04,-81.48
2237,1715533740940,0.7,-1.87,1.26,-436.1,-144.04,-81.48
2238,1715533740950,0.6999999999999998,-1.87,1.26,-436.1000000000001,-144.04,-81.48
2239,1715533740960,0.7975,-1.2775,1.7475,-342.66499999999996,-200.9425,-43.0275
2240,1715533740970,0.83,-1.08,1.91,-311.52,-219.91,-30.21
2241,1715533740980,0.83,-1.08,1.91,-311.52,-219.91,-30.209999999999997
2242,1715533740990,0.83,-1.08,1.91,-311.52,-219.91,-30.209999999999997
2243,1715533741000,0.83,0.4000000000000001,2.75,-232.29999999999998,-244.56999999999996,-26.263333333333332
2244,1715533741010,0.83,0.4000000000000001,2.75,-192.68999999999997,-256.9,-24.290000000000003
2245,1715533741020,0.83,0.4000000000000001,2.75,-192.68999999999997,-256.9,-24.290000000000003
2246,1715533741030,0.83,0.4000000000000001,2.75,-192.68999999999997,-256.9,-24.290000000000003
2247,1715533741040,0.83,0.4,2.75,-192.69,-256.9,-24.29
2248,1715533741050,0.83,0.4000000000000001,2.75,-192.68999999999997,-256.9,-24.290000000000003
2249,1715533741060,0.83,0.4000000000000001,2.75,-192.68999999999997,-256.9,-24.290000000000003
2250,1715533741070,0.83,0.4000000000000001,2.75,-192.68999999999997,-256.9,-24.290000000000003
2251,1715533741080,0.83,0.4000000000000001,2.75,-192.68999999999997,-256.9,-24.290000000000003
2252,1715533741090,0.83,0.4,2.75,-192.69,-256.9,-24.29
2253,1715533741100,0.83,0.4000000000000001,2.75,-192.68999999999997,-256.9,-24.290000000000003
2254,1715533741110,1.09,-0.36999999999999994,4.18,-22.28,-119.20499999999998,-25.665
2255,1715533741120,1.3500000000000003,-1.14,5.61,148.13,18.49,-27.040000000000003
2256,1715533741130,1.35,-1.14,5.61,148.13,18.49,-27.04
2257,1715533741140,1.3500000000000003,-1.14,5.61,148.13,18.49,-27.040000000000003
2258,1715533741150,1.725,-1.2075,5.055,170.10500000000002,111.37,-32.162499999999994
2259,1715533741160,1.8500000000000003,-1.23,4.87,177.42999999999998,142.33,-33.87
2260,1715533741170,1.85,-1.23,4.87,177.43,142.33,-33.87
2261,1715533741180,1.8500000000000003,-1.23,4.87,177.42999999999998,142.33,-33.87
2262,1715533741190,1.73,-0.8325,3.8200000000000003,182.60500000000002,216.72250000000003,11.399999999999999
2263,1715533741200,1.6900000000000002,-0.6999999999999998,3.47,184.33,241.52,26.49
2264,1715533741210,1.6900000000000002,-0.6999999999999998,3.47,184.33,241.52,26.49
2265,1715533741220,1.69,-0.7,3.47,184.33,241.52,26.49
2266,1715533741230,1.87,-0.15,2.55,250.98,253.78,19.96
2267,1715533741240,1.87,-0.15,2.55,250.98,253.78,19.96
2268,1715533741250,1.87,-0.15,2.55,250.98,253.78,19.96
2269,1715533741260,1.87,-0.15,2.55,250.98,253.78,19.96
2270,1715533741270,1.9400000000000002,-0.9899999999999999,1.8500000000000003,343.69,272.46,-18.19
2271,1715533741280,1.9400000000000002,-0.9899999999999999,1.8500000000000003,343.69,272.46,-18.19
2272,1715533741290,1.9400000000000002,-0.9899999999999999,1.8500000000000003,343.69,272.46,-18.19
2273,1715533741300,1.8975,-1.1775,1.6500000000000001,361.42,259.6425,-34.745000000000005
2274,1715533741310,1.7700000000000002,-1.74,1.05,414.60999999999996,221.18999999999997,-84.41
2275,1715533741320,1.77,-1.74,1.05,414.61,221.19,-84.41
2276,1715533741330,1.7700000000000002,-1.74,1.05,414.60999999999996,221.18999999999997,-84.41
2277,1715533741340,1.7700000000000002,-1.74,1.05,414.60999999999996,221.18999999999997,-84.41
2278,1715533741350,1.33,-2.11,0.93,377.69,172.30000000000004,-103.33
2279,1715533741360,1.33,-2.11,0.93,377.69,172.30000000000004,-103.33
2280,1715533741370,1.33,-2.11,0.93,377.69,172.3,-103.33
2281,1715533741380,1.33,-2.11,0.93,377.69,172.30000000000004,-103.33
2282,1715533741390,1.33,-2.11,0.93,377.69,172.3,-103.33
2283,1715533741400,1.33,-2.11,0.93,377.69,172.30000000000004,-103.33
2284,1715533741410,1.33,-2.11,0.93,377.69,172.30000000000004,-103.33
2285,1715533741420,1.33,-2.11,0.93,377.69,172.3,-103.33
2286,1715533741430,1.33,-2.11,0.93,377.69,172.30000000000004,-103.33
2287,1715533741440,1.365,-2.0949999999999998,0.9775,377.23,169.1875,-100.4925
2288,1715533741450,1.5599999999999998,-1.8500000000000003,0.65,291.99,182.25,-105.41000000000001
2289,1715533741460,1.6,-1.6,1.02,237.73,259.46,-133.06
2290,1715533741470,1.6000000000000003,-1.6000000000000003,1.02,237.73,259.46,-133.06
2291,1715533741480,1.6,-1.6,1.02,237.73,259.46,-133.06
2292,1715533741490,1.6000000000000003,-1.6000000000000003,1.02,237.73,259.46,-133.06
2293,1715533741500,1.51,-1.37,-0.73,139.95,263.79,-212.83
2294,1715533741510,1.51,-1.37,-0.73,139.95,263.79,-212.83
2295,1715533741520,1.51,-1.37,-0.73,139.95,263.79,-212.83
2296,1715533741530,1.1566666666666667,-1.0366666666666668,-1.0933333333333335,133.34,210.77333333333334,-209.53333333333333
2297,1715533741540,0.45,-0.36999999999999994,-1.82,120.12,104.74,-202.93999999999997
2298,1715533741550,0.45,-0.37,-1.82,120.12,104.74,-202.94
2299,1715533741560,0.45,-0.36999999999999994,-1.82,120.12,104.74,-202.93999999999997
2300,1715533741570,0.45,-0.36999999999999994,-1.82,120.12,104.74,-202.93999999999997
2301,1715533741580,0.45,-0.37,-1.82,120.12,104.74,-202.94
2302,1715533741590,0.45,-0.36999999999999994,-1.82,120.12,104.74,-202.93999999999997
2303,1715533741600,0.45,-0.37,-1.82,120.12,104.74,-202.94
2304,1715533741610,0.45,-0.36999999999999994,-1.82,120.12,104.74,-202.93999999999997
2305,1715533741620,0.45,-0.36999999999999994,-1.82,120.12,104.74,-202.93999999999997
2306,1715533741630,0.45,-0.36999999999999994,-1.82,120.12,104.74,-202.93999999999997
2307,1715533741640,-1.645,-0.1575,-4.1225,64.79,-70.2175,-75.5575
2308,1715533741650,-2.026666666666667,-0.2633333333333333,-4.203333333333333,17.333333333333332,-115.08999999999999,44.413333333333334
2309,1715533741660,-2.08,-0.3499999999999999,-4.15,-6.349999999999999,-114.44,95.03000000000002
2310,1715533741670,-2.08,-0.35,-4.15,-6.35,-114.44,95.03
2311,1715533741680,-2.08,-0.3499999999999999,-4.15,-6.349999999999999,-114.44,95.03000000000002
2312,1715533741690,-0.895,-0.71,-3.265,-10.0875,-137.4975,122.1
2313,1715533741700,-0.5,-0.83,-2.97,-21.3,-206.67,203.31
2314,1715533741710,-0.5,-0.83,-2.97,-21.3,-206.67,203.31000000000003
2315,1715533741720,-0.5,-0.83,-2.97,-21.3,-206.67,203.31
2316,1715533741730,1.68,-1.42,-1.46,-161.44,-201.42,309.27
2317,1715533741740,1.68,-1.42,-1.46,-161.44,-201.42,309.27
2318,1715533741750,1.68,-1.42,-1.46,-161.44,-201.42,309.27
2319,1715533741760,1.9066666666666665,-1.593333333333333,-0.8999999999999999,-212.50666666666666,-211.28666666666666,300.6433333333333
2320,1715533741770,2.36,-1.94,0.22,-314.64,-231.02,283.39
2321,1715533741780,2.36,-1.9400000000000002,0.22,-314.64,-231.02,283.39
2322,1715533741790,2.36,-1.9400000000000002,0.22,-314.64,-231.02,283.39
2323,1715533741800,2.3775,-2.0324999999999998,0.5375,-324.5575,-237.4125,286.7925
2324,1715533741810,2.43,-2.31,1.49,-354.31,-256.59,297.0
2325,1715533741820,2.43,-2.31,1.49,-354.31,-256.59,297.0
2326,1715533741830,2.43,-2.31,1.49,-354.31,-256.59,297.0
2327,1715533741840,2.49,-2.11,1.67,-359.59666666666664,-221.55666666666664,273.11333333333334
2328,1715533741850,2.52,-2.01,1.76,-362.24,-204.04,261.17
2329,1715533741860,2.52,-2.01,1.76,-362.24,-204.04,261.17
2330,1715533741870,2.52,-2.01,1.76,-362.24,-204.04,261.17
2331,1715533741880,2.1525,-1.9124999999999999,1.5575,-362.24,-204.04,261.17
2332,1715533741890,2.03,-1.88,1.49,-362.24,-204.04,261.17
2333,1715533741900,2.03,-1.88,1.49,-362.24,-204.04,261.17
2334,1715533741910,2.03,-1.88,1.49,-362.24,-204.04,261.17
2335,1715533741920,2.03,-1.88,1.49,-362.24,-204.04,261.17
2336,1715533741930,2.03,-1.88,1.49,-362.24,-204.04,261.17
2337,1715533741940,2.03,-1.88,1.49,-362.24,-204.04,261.17
2338,1715533741950,2.03,-1.88,1.49,-362.24,-204.04,261.17
2339,1715533741960,2.03,-1.88,1.49,-362.24,-204.04,261.17
2340,1715533741970,1.97,-1.655,1.9249999999999998,-380.9675,-185.04250000000002,164.765
2341,1715533741980,1.95,-1.58,2.07,-387.21,-178.71,132.63
2342,1715533741990,1.71,-1.3566666666666667,2.15,-427.24666666666667,-135.80333333333334,116.82333333333332
2343,1715533742000,1.23,-0.91,2.31,-507.32,-49.99,85.21
2344,1715533742010,1.23,-0.91,2.31,-507.32,-49.99,85.21
2345,1715533742020,1.23,-0.91,2.31,-507.32,-49.99,85.21
2346,1715533742030,1.24,-0.5866666666666667,2.91,-409.7266666666667,-78.67666666666668,63.09333333333333
2347,1715533742040,1.26,0.06,4.11,-214.54,-136.05,18.86
2348,1715533742050,1.26,0.06,4.11,-214.54,-136.05,18.86
2349,1715533742060,1.26,0.06,4.11,-214.54,-136.05,18.86
2350,1715533742070,1.4066666666666665,0.30666666666666664,4.5633333333333335,-201.58,-91.53333333333335,12.35
2351,1715533742080,1.4799999999999998,0.43,4.79,-175.66,-2.5,-0.67
2352,1715533742090,1.48,0.43,4.79,-175.66,-2.5,-0.67
2353,1715533742100,1.4799999999999998,0.43,4.79,-175.66,-2.5,-0.67
2354,1715533742110,1.4799999999999998,0.43,4.79,-175.66,-2.5,-0.67
2355,1715533742120,1.4799999999999998,0.43,4.79,-175.66,-2.5,-0.67
2356,1715533742130,1.48,0.43,4.79,-175.66,-2.5,-0.67
2357,1715533742140,1.4799999999999998,0.43,4.79,-175.66,-2.5,-0.67
2358,1715533742150,1.4799999999999998,0.43,4.79,-175.66,-2.5,-0.67
2359,1715533742160,1.85,-0.54,5.325,-2.5649999999999977,32.685,-38.145
2360,1715533742170,2.22,-1.51,5.86,170.53,67.87,-75.62
2361,1715533742180,2.22,-1.51,5.86,170.53,67.87,-75.62
2362,1715533742190,1.59,-1.42,3.85,195.31,210.08,-8.85
2363,1715533742200,1.59,-1.42,3.85,195.31,210.08,-8.85
2364,1715533742210,1.59,-1.42,3.85,195.31000000000003,210.08,-8.85
2365,1715533742220,1.5599999999999998,-1.0466666666666666,3.4299999999999997,234.13,198.62666666666667,9.053333333333333
2366,1715533742230,1.5,-0.3,2.59,311.77,175.72,44.85999999999999
2367,1715533742240,1.5,-0.3,2.59,311.77,175.72,44.85999999999999
2368,1715533742250,1.5,-0.3,2.59,311.77,175.72,44.86
2369,1715533742260,1.5,-0.3,2.59,311.77,175.72,44.85999999999999
2370,1715533742270,1.46,-0.69,2.04,351.81,200.26,-43.70000000000001
2371,1715533742280,1.46,-0.69,2.04,351.81,200.26,-43.70000000000001
2372,1715533742290,1.46,-0.69,2.04,351.81,200.26,-43.70000000000001
2373,1715533742300,1.4466666666666665,-1.3499999999999999,1.64,384.56333333333333,194.23333333333335,-80.76666666666667
2374,1715533742310,1.44,-1.68,1.44,400.94,191.22,-99.3
2375,1715533742320,1.4400000000000002,-1.68,1.4400000000000002,400.94,191.22,-99.3
2376,1715533742330,1.44,-1.68,1.44,400.94,191.22,-99.3
2377,1715533742340,1.5866666666666667,-1.9799999999999998,1.5066666666666666,366.88000000000005,211.81333333333336,-138.69333333333333
2378,1715533742350,1.66,-2.13,1.54,349.8500000000001,222.11,-158.39
2379,1715533742360,1.66,-2.13,1.54,349.8500000000001,222.11,-158.39
2380,1715533742370,1.66,-2.13,1.54,349.85,222.11,-158.39
2381,1715533742380,1.4125,-2.25,1.3900000000000001,318.3125,284.59250000000003,-136.1375
2382,1715533742390,1.33,-2.29,1.34,307.8,305.42,-128.72
2383,1715533742400,1.33,-2.29,1.34,307.8,305.42,-128.72
2384,1715533742410,1.33,-2.29,1.34,307.8,305.42,-128.72
2385,1715533742420,1.33,-2.29,1.34,307.8,305.42,-128.72
2386,1715533742430,1.33,-2.29,1.34,307.8,305.42,-128.72
2387,1715533742440,1.33,-2.29,1.34,307.8,305.42,-128.72
2388,1715533742450,1.33,-2.29,1.34,307.8,305.42,-128.72
2389,1715533742460,1.33,-2.29,1.34,307.8,305.42,-128.72
2390,1715533742470,1.33,-2.29,1.34,307.8,305.42,-128.72
2391,1715533742480,1.33,-2.29,1.34,307.8,305.42,-128.72
2392,1715533742490,1.4466666666666665,-1.9666666666666668,0.8300000000000001,277.18,300.8433333333333,-105.64999999999999
2393,1715533742500,1.68,-1.32,-0.19,215.94,291.69,-59.51
2394,1715533742510,1.68,-1.32,-0.19000000000000003,215.93999999999997,291.69,-59.51
2395,1715533742520,1.68,-1.32,-0.19,215.94,291.69,-59.51
2396,1715533742530,1.5466666666666666,-1.1833333333333333,-0.4066666666666667,184.52666666666667,281.3333333333333,-76.74333333333333
2397,1715533742540,1.28,-0.91,-0.84,121.7,260.62,-111.21
2398,1715533742550,1.28,-0.91,-0.84,121.7,260.62,-111.21
2399,1715533742560,1.28,-0.91,-0.84,121.7,260.62,-111.21
2400,1715533742570,1.0433333333333332,-0.6900000000000001,-1.2633333333333334,97.71333333333332,229.83666666666667,-89.11333333333333
2401,1715533742580,0.57,-0.25,-2.11,49.74,168.27,-44.919999999999995
2402,1715533742590,0.57,-0.25,-2.11,49.74,168.27,-44.92
2403,1715533742600,0.57,-0.25,-2.11,49.74,168.27,-44.919999999999995
2404,1715533742610,0.57,-0.25,-2.11,49.74,168.27,-44.92
2405,1715533742620,0.57,-0.25,-2.11,49.74,168.27,-44.919999999999995
2406,1715533742630,0.57,-0.25,-2.11,49.74,168.27,-44.919999999999995
2407,1715533742640,0.57,-0.25,-2.11,49.74,168.27,-44.92
2408,1715533742650,0.57,-0.25,-2.11,49.74,168.27,-44.919999999999995
2409,1715533742660,0.57,-0.25,-2.11,49.74,168.27,-44.92
2410,1715533742670,0.57,-0.25,-2.11,49.74,168.27,-44.919999999999995
2411,1715533742680,0.57,-0.25,-2.11,49.74,168.27,-44.919999999999995
2412,1715533742690,0.12,0.10000000000000002,-4.58,-72.45,-153.26,151.49
2413,1715533742700,0.12,0.10000000000000002,-4.58,-72.45,-153.26,151.49
2414,1715533742710,0.12,0.10000000000000002,-4.58,-72.45,-153.26,151.49
2415,1715533742720,0.12,0.1,-4.58,-72.45,-153.26,151.49
2416,1715533742730,0.12,0.10000000000000002,-4.58,-72.45,-153.26,151.49
2417,1715533742740,1.48,-0.33,-2.12,-308.72,-162.35,175.9
2418,1715533742750,1.4799999999999998,-0.33,-2.12,-308.72,-162.35,175.9
2419,1715533742760,1.6900000000000002,-0.84,-1.3033333333333335,-356.24333333333334,-198.87,135.23
2420,1715533742770,2.11,-1.86,0.33,-451.29,-271.91,53.89
2421,1715533742780,2.11,-1.86,0.33,-451.29,-271.91,53.89000000000001
2422,1715533742790,2.11,-1.86,0.33,-451.29,-271.91,53.89
2423,1715533742800,2.21,-2.0100000000000002,1.05,-466.55,-257.3833333333334,51.79666666666666
2424,1715533742810,2.41,-2.31,2.49,-497.07,-228.33,47.61
2425,1715533742820,2.41,-2.31,2.49,-497.07,-228.33,47.60999999999999
2426,1715533742830,2.41,-2.31,2.49,-497.07,-228.33,47.60999999999999
2427,1715533742840,1.89,-2.21,1.96,-361.62999999999994,-255.37,-28.320000000000004
2428,1715533742850,1.89,-2.21,1.96,-361.62999999999994,-255.37,-28.320000000000004
2429,1715533742860,1.89,-2.21,1.96,-361.62999999999994,-255.37,-28.320000000000004
2430,1715533742870,1.89,-2.21,1.96,-361.63,-255.37,-28.32
2431,1715533742880,1.6233333333333333,-2.1633333333333336,1.7266666666666666,-350.07666666666665,-253.04999999999998,-47.199999999999996
2432,1715533742890,1.49,-2.14,1.61,-344.3,-251.89,-56.64000000000001
2433,1715533742900,1.49,-2.14,1.61,-344.3,-251.89,-56.64
2434,1715533742910,1.49,-2.14,1.61,-344.3,-251.89,-56.64000000000001
2435,1715533742920,1.0633333333333332,-2.1466666666666665,1.3633333333333333,-354.5133333333333,-249.10333333333332,-46.20333333333334
2436,1715533742930,0.85,-2.15,1.24,-374.94,-243.53,-25.33
2437,1715533742940,0.85,-2.15,1.24,-374.94,-243.53,-25.33
2438,1715533742950,0.85,-2.15,1.24,-374.94,-243.53,-25.33
2439,1715533742960,0.85,-2.15,1.24,-374.94,-243.53,-25.33
2440,1715533742970,0.85,-2.15,1.24,-374.94,-243.53,-25.33
2441,1715533742980,0.85,-2.15,1.24,-374.94,-243.53,-25.33
2442,1715533742990,0.85,-2.15,1.24,-374.94,-243.53,-25.33
2443,1715533743000,0.85,-2.15,1.24,-374.94,-243.53,-25.33
2444,1715533743010,0.85,-2.15,1.24,-374.94,-243.53,-25.33
2445,1715533743020,0.46,-1.68,1.93,-324.89,-261.96,74.46
2446,1715533743030,0.65,-1.2533333333333332,2.26,-265.3,-266.66,78.24666666666666
2447,1715533743040,1.03,-0.4000000000000001,2.92,-146.12,-276.06,85.82
2448,1715533743050,1.03,-0.4,2.92,-146.12,-276.06,85.82
2449,1715533743060,1.03,-0.4,2.92,-146.12,-276.06,85.82
2450,1715533743070,1.145,0.40499999999999997,3.3899999999999997,-194.765,-144.805,80.19999999999999
2451,1715533743080,1.26,1.21,3.86,-243.41,-13.550000000000002,74.58
2452,1715533743090,1.26,1.21,3.86,-243.41,-13.550000000000002,74.58
2453,1715533743100,1.26,1.21,3.86,-243.41,-13.550000000000002,74.58
2454,1715533743110,1.8075,0.7225,5.4425,-159.2225,-70.8125,0.2400000000000002
2455,1715533743120,1.99,0.56,5.97,-131.16,-89.90000000000002,-24.540000000000003
2456,1715533743130,1.99,0.56,5.97,-131.16,-89.90000000000002,-24.540000000000003
2457,1715533743140,1.99,0.56,5.97,-131.16,-89.9,-24.54
2458,1715533743150,1.99,0.56,5.97,-131.16,-89.90000000000002,-24.540000000000003
2459,1715533743160,1.99,0.56,5.97,-131.16,-89.9,-24.54
2460,1715533743170,1.99,0.56,5.97,-131.16,-89.90000000000002,-24.540000000000003
2461,1715533743180,1.99,0.56,5.97,-131.16,-89.9,-24.54
2462,1715533743190,1.99,0.56,5.97,-131.16,-89.90000000000002,-24.540000000000003
2463,1715533743200,1.99,0.56,5.97,-131.16,-89.90000000000002,-24.540000000000003
2464,1715533743210,2.4833333333333334,-0.9199999999999999,4.93,131.9,81.44000000000001,-80.64666666666666
2465,1715533743220,2.5125,-0.5425,3.2325,265.89750000000004,184.9675,-55.0525
2466,1715533743230,2.44,-0.17,2.84,266.72,190.92,-37.17
2467,1715533743240,2.44,-0.17,2.84,266.72,190.92,-37.17
2468,1715533743250,2.44,-0.17,2.84,266.72,190.92,-37.17
2469,1715533743260,2.24,-0.036666666666666674,2.4,265.9866666666667,222.41333333333333,-112.36333333333334
2470,1715533743270,2.14,0.03,2.18,265.62,238.16,-149.96
2471,1715533743280,2.14,0.03,2.18,265.62,238.16,-149.96
2472,1715533743290,2.14,0.03,2.18,265.62,238.16,-149.96
2473,1715533743300,1.8800000000000001,-0.7366666666666667,1.6666666666666667,262.81333333333333,302.7333333333333,-194.11333333333334
2474,1715533743310,1.75,-1.12,1.41,261.41,335.02,-216.19
2475,1715533743320,1.75,-1.12,1.41,261.41,335.02,-216.18999999999997
2476,1715533743330,1.75,-1.12,1.41,261.41,335.02,-216.18999999999997
2477,1715533743340,1.2,-2.35,1.14,362.43,243.41,-226.99
2478,1715533743350,1.2,-2.35,1.14,362.43,243.41,-226.99
2479,1715533743360,1.2,-2.35,1.14,362.43,243.41,-226.99
2480,1715533743370,1.1666666666666667,-2.3433333333333333,1.1199999999999999,362.43,243.41,-226.99
2481,1715533743380,1.1,-2.33,1.08,325.99,243.65,-136.41
2482,1715533743390,1.1,-2.33,1.08,325.99,243.65,-136.41
2483,1715533743400,1.1,-2.33,1.08,325.99,243.65,-136.41
2484,1715533743410,1.1,-2.33,1.08,325.99,243.65,-136.41
2485,1715533743420,1.59,-1.88,1.04,233.46,249.21,-94.54
2486,1715533743430,1.59,-1.88,1.04,233.46,249.21,-94.54
2487,1715533743440,1.59,-1.88,1.04,233.46,249.21,-94.54
2488,1715533743450,1.425,-1.775,1.16,233.46,249.21,-94.54
2489,1715533743460,1.37,-1.74,1.2,233.46,249.21,-94.54
2490,1715533743470,1.37,-1.74,1.2,233.46,249.21,-94.54
2491,1715533743480,1.37,-1.74,1.2,233.46,249.21,-94.54
2492,1715533743490,1.37,-1.74,1.2,233.46,249.21,-94.54
2493,1715533743500,1.37,-1.74,1.2,233.46,249.21,-94.54
2494,1715533743510,1.37,-1.74,1.2,233.46,249.21,-94.54
2495,1715533743520,1.37,-1.74,1.2,233.46,249.21,-94.54
2496,1715533743530,1.37,-1.74,1.2,233.46,249.21,-94.54
2497,1715533743540,1.3766666666666667,-1.6633333333333333,0.8099999999999999,193.74666666666667,280.2366666666667,-96.29
2498,1715533743550,1.39,-1.51,0.03,114.32,342.29,-99.79
2499,1715533743560,1.39,-1.51,0.03,114.32,342.29,-99.79
2500,1715533743570,0.6,-0.7,-2.03,42.85,260.07,-21.12
2501,1715533743580,0.6,-0.6999999999999998,-2.03,42.85,260.07,-21.12
2502,1715533743590,0.6,-0.7,-2.03,42.85,260.07,-21.12
2503,1715533743600,-0.10500000000000004,-0.385,-3.01,69.0,174.44,-5.340000000000001
2504,1715533743610,-0.81,-0.07,-3.99,95.15000000000002,88.81,10.44
2505,1715533743620,-0.81,-0.07,-3.99,95.15,88.81,10.44
2506,1715533743630,-0.81,-0.07,-3.99,95.15000000000002,88.81,10.44
2507,1715533743640,-0.8833333333333334,0.016666666666666663,-4.433333333333334,69.31333333333333,62.300000000000004,21.873333333333335
2508,1715533743650,-1.03,0.19,-5.32,17.64,9.28,44.74
2509,1715533743660,-1.03,0.19000000000000003,-5.32,17.64,9.28,44.74
2510,1715533743670,-1.03,0.19000000000000003,-5.32,17.64,9.28,44.74
2511,1715533743680,-1.03,0.19,-5.32,17.64,9.28,44.74
2512,1715533743690,-1.03,0.19,-5.32,17.64,9.28,44.74
2513,1715533743700,-1.03,0.19,-5.32,17.64,9.28,44.74
2514,1715533743710,-1.03,0.19000000000000003,-5.32,17.64,9.28,44.74
2515,1715533743720,-1.03,0.19,-5.32,17.64,9.28,44.74
2516,1715533743730,-1.03,0.19000000000000003,-5.32,17.64,9.28,44.74
2517,1715533743740,1.15,-0.77,-1.88,-227.17,-151.06,178.47
2518,1715533743750,1.15,-0.77,-1.88,-227.17,-151.06,178.47
2519,1715533743760,1.44,-0.98,-1.2825,-251.4475,-147.81,159.2725
2520,1715533743770,2.31,-1.61,0.51,-324.28,-138.06,101.68
2521,1715533743780,2.31,-1.61,0.51,-324.28,-138.06,101.68
2522,1715533743790,2.31,-1.61,0.51,-324.28,-138.06,101.68
2523,1715533743800,2.0949999999999998,-1.71,1.1949999999999998,-313.11,-160.37,68.875
2524,1715533743810,1.88,-1.8099999999999998,1.88,-301.94,-182.67999999999998,36.07
2525,1715533743820,1.88,-1.8099999999999998,1.88,-301.94,-182.67999999999998,36.07
2526,1715533743830,1.6966666666666665,-1.7766666666666666,1.6066666666666667,-300.92333333333335,-173.92999999999998,47.300000000000004
2527,1715533743840,1.33,-1.71,1.06,-298.89,-156.43,69.76
2528,1715533743850,1.33,-1.71,1.06,-298.89,-156.43,69.76
2529,1715533743860,1.33,-1.71,1.06,-298.89,-156.43,69.76
2530,1715533743870,1.3766666666666667,-1.7433333333333334,0.9733333333333333,-338.13666666666666,-167.37666666666667,58.51
2531,1715533743880,1.47,-1.8099999999999998,0.8000000000000002,-416.62999999999994,-189.27,36.01
2532,1715533743890,1.47,-1.81,0.8,-416.63,-189.27,36.01
2533,1715533743900,1.47,-1.8099999999999998,0.8000000000000002,-416.62999999999994,-189.27,36.01
2534,1715533743910,1.47,-1.8099999999999998,0.8000000000000002,-416.62999999999994,-189.27,36.01
2535,1715533743920,2.04,-2.36,1.22,-484.44,-351.14000000000004,40.34
2536,1715533743930,2.04,-2.36,1.22,-484.44,-351.14000000000004,40.34
2537,1715533743940,2.04,-2.36,1.22,-484.44,-351.14000000000004,40.34
2538,1715533743950,2.04,-2.36,1.22,-484.44,-351.14,40.34
2539,1715533743960,2.04,-2.36,1.22,-484.44,-351.14,40.34
2540,1715533743970,2.14,-2.27,2.28,-499.5733333333333,-328.5933333333333,26.386666666666667
2541,1715533743980,2.14,-2.27,2.28,-507.14000000000004,-317.32,19.41
2542,1715533743990,2.14,-2.27,2.28,-507.14000000000004,-317.32,19.41
2543,1715533744000,2.14,-2.27,2.28,-507.14000000000004,-317.32,19.41
2544,1715533744010,2.14,-2.27,2.28,-507.14,-317.32,19.41
2545,1715533744020,2.14,-2.27,2.28,-507.14000000000004,-317.32,19.41
2546,1715533744030,2.14,-2.27,2.28,-507.14,-317.32,19.41
2547,1715533744040,2.14,-2.27,2.28,-507.14000000000004,-317.32,19.41
2548,1715533744050,2.14,-2.27,2.28,-507.14,-317.32,19.41
2549,1715533744060,2.14,-2.27,2.28,-507.14000000000004,-317.32,19.41
2550,1715533744070,-0.09,0.29,4.68,-233.76,-95.4,-107.48
2551,1715533744080,-0.09000000000000001,0.29,4.68,-233.76,-95.40000000000002,-107.48
2552,1715533744090,-0.09000000000000001,0.29,4.68,-233.76,-95.40000000000002,-107.48
2553,1715533744100,0.6675,-0.1075,6.6975,-99.6825,-55.3875,-29.57
2554,1715533744110,0.92,-0.24,7.37,-54.99,-42.05,-3.6
2555,1715533744120,0.92,-0.24,7.37,-54.99,-42.05,-3.6
2556,1715533744130,0.92,-0.24,7.37,-54.99,-42.05,-3.6
2557,1715533744140,1.6000000000000003,-2.42,6.59,106.50999999999999,18.290000000000003,-76.52
2558,1715533744150,1.6000000000000003,-2.42,6.59,187.26,48.46,-112.98
2559,1715533744160,1.6,-2.42,6.59,187.26,48.46,-112.98
2560,1715533744170,1.6000000000000003,-2.42,6.59,187.26,48.46,-112.98
2561,1715533744180,1.6000000000000003,-2.42,6.59,187.26,48.46,-112.98
2562,1715533744190,1.6,-2.42,6.59,187.26,48.46,-112.98
2563,1715533744200,1.6000000000000003,-2.42,6.59,187.26,48.46,-112.98
2564,1715533744210,1.6000000000000003,-2.42,6.59,187.26,48.46,-112.98
2565,1715533744220,1.6,-2.42,6.59,187.26,48.46,-112.98
2566,1715533744230,1.6000000000000003,-2.42,6.59,187.26,48.46,-112.98
2567,1715533744240,1.6,-2.42,6.59,187.26,48.46,-112.98
2568,1715533744250,1.6000000000000003,-2.42,6.59,187.26,48.46,-112.98
2569,1715533744260,1.92,-0.65,2.42,355.29,231.99,-19.47
2570,1715533744270,1.92,-0.65,2.42,355.29,231.99,-19.47
2571,1715533744280,1.92,-0.65,2.42,355.29,231.99,-19.47
2572,1715533744290,1.7666666666666666,-1.2966666666666666,1.6733333333333331,355.29,231.99,-19.47
2573,1715533744300,1.6900000000000002,-1.62,1.3,355.29,231.99,-19.47
2574,1715533744310,1.69,-1.62,1.3,417.18,255.92,-100.4
2575,1715533744320,1.69,-1.62,1.3,417.18,255.92,-100.4
2576,1715533744330,1.5166666666666666,-2.1333333333333333,1.08,390.40000000000003,249.36666666666667,-121.52000000000002
2577,1715533744340,1.43,-2.39,0.9700000000000001,377.01,246.09,-132.08
2578,1715533744350,1.43,-2.39,0.9700000000000001,377.01,246.09,-132.08
2579,1715533744360,1.43,-2.39,0.9700000000000001,377.01,246.09,-132.08
2580,1715533744370,1.28,-2.08,0.93,366.46,196.59,-70.56
2581,1715533744380,1.28,-2.08,0.93,366.46,196.59,-70.56
2582,1715533744390,1.28,-2.08,0.93,366.46,196.59,-70.56
2583,1715533744400,1.28,-2.08,0.93,366.46,196.59,-70.56
2584,1715533744410,1.72,-1.58,0.87,306.34,199.89,-101.81
2585,1715533744420,1.72,-1.58,0.87,306.34,199.89,-101.81
2586,1715533744430,1.72,-1.58,0.87,306.34,199.89,-101.81
2587,1715533744440,1.76,-1.54,0.88,270.93666666666667,225.68666666666664,-102.94666666666667
2588,1715533744450,1.84,-1.46,0.9,200.13,277.28,-105.21999999999998
2589,1715533744460,1.84,-1.46,0.9,200.13,277.28,-105.21999999999998
2590,1715533744470,1.84,-1.46,0.9,200.13,277.28,-105.21999999999998
2591,1715533744480,1.8766666666666667,-1.3533333333333333,0.7433333333333333,186.76333333333332,285.21666666666664,-116.00333333333333
2592,1715533744490,1.95,-1.14,0.43,160.03,301.09,-137.57
2593,1715533744500,1.95,-1.14,0.43,160.03,301.09,-137.57
2594,1715533744510,1.95,-1.14,0.43,160.03,301.09,-137.57
2595,1715533744520,1.95,-1.14,0.43,160.03,301.09,-137.57
2596,1715533744530,1.95,-1.14,0.43,160.03,301.09,-137.57
2597,1715533744540,1.95,-1.14,0.43,160.03,301.09,-137.57
2598,1715533744550,1.95,-1.14,0.43,160.03,301.09,-137.57
2599,1715533744560,1.95,-1.14,0.43,160.03,301.09,-137.57
2600,1715533744570,1.95,-1.14,0.43,160.03,301.09,-137.57
2601,1715533744580,1.95,-1.14,0.43,160.03,301.09,-137.57
2602,1715533744590,1.45,-0.9366666666666665,-0.5866666666666668,117.04333333333334,262.6166666666666,-135.49666666666667
2603,1715533744600,0.08666666666666667,-0.25333333333333335,-3.0833333333333335,53.36666666666667,112.30666666666666,-118.50999999999999
2604,1715533744610,-0.64,0.3,-4.01,97.96,-34.42,-92.83
2605,1715533744620,-0.64,0.3,-4.01,97.96,-34.42,-92.83
2606,1715533744630,-0.64,0.3,-4.01,97.96,-34.42,-92.83
2607,1715533744640,-1.17,0.03,-4.87,-50.48,-55.35999999999999,-35.89
2608,1715533744650,-1.17,0.03,-4.87,-50.48,-55.36,-35.89
2609,1715533744660,-1.17,0.03,-4.87,-50.48,-55.35999999999999,-35.89
2610,1715533744670,-1.3366666666666667,-0.09333333333333334,-4.683333333333334,-46.836666666666666,-97.55666666666666,-11.700000000000001
2611,1715533744680,-1.67,-0.34,-4.31,-39.55,-181.95,36.68
2612,1715533744690,-1.67,-0.34,-4.31,-39.55,-181.94999999999996,36.68
2613,1715533744700,-1.67,-0.34,-4.31,-39.55,-181.94999999999996,36.68
2614,1715533744710,-1.67,-0.34,-4.31,-39.55,-181.94999999999996,36.68
2615,1715533744720,-1.67,-0.34,-4.31,-39.55,-181.95,36.68
2616,1715533744730,-1.67,-0.34,-4.31,-39.55,-181.95,36.68
2617,1715533744740,-1.67,-0.34,-4.31,-39.55,-181.94999999999996,36.68
2618,1715533744750,-1.67,-0.34,-4.31,-39.55,-181.95,36.68
2619,1715533744760,-1.67,-0.34,-4.31,-39.55,-181.94999999999996,36.68
2620,1715533744770,-1.67,-0.34,-4.31,-39.55,-181.94999999999996,36.68
2621,1715533744780,0.5150000000000001,-0.9550000000000001,-1.9999999999999998,-187.865,-227.875,124.94
2622,1715533744790,2.866666666666667,-1.6966666666666665,1.5766666666666669,-274.41333333333336,-322.3866666666667,185.40666666666667
2623,1715533744800,2.95,-1.76,2.21,-243.53,-346.68,171.51
2624,1715533744810,2.95,-1.76,2.21,-243.53,-346.68,171.51
2625,1715533744820,2.46,-1.61,2.05,-243.53,-346.68,171.51
2626,1715533744830,2.46,-1.61,2.05,-177.0,-316.04,161.07
2627,1715533744840,2.46,-1.61,2.05,-177.0,-316.04,161.07
2628,1715533744850,2.46,-1.61,2.05,-177.0,-316.04,161.07
2629,1715533744860,2.0324999999999998,-1.4825,1.66,-237.14999999999998,-251.27,158.325
2630,1715533744870,1.89,-1.4400000000000002,1.53,-257.2,-229.67999999999998,157.41
2631,1715533744880,1.89,-1.4400000000000002,1.53,-257.2,-229.67999999999998,157.41
2632,1715533744890,1.7925,-1.4725,1.495,-300.23,-201.725,151.4125
2633,1715533744900,1.5,-1.57,1.39,-429.32,-117.86,133.42
2634,1715533744910,1.5,-1.57,1.39,-429.32,-117.86,133.42
2635,1715533744920,1.5,-1.57,1.39,-429.32,-117.86,133.42
2636,1715533744930,1.5,-1.57,1.39,-429.32,-117.86,133.42
2637,1715533744940,1.08,-1.63,1.2,-494.45,-127.26,106.69
2638,1715533744950,1.08,-1.63,1.2,-494.45,-127.26,106.69
2639,1715533744960,1.08,-1.63,1.2,-494.45,-127.26,106.69
2640,1715533744970,1.1300000000000001,-1.4133333333333333,1.3266666666666667,-448.18333333333334,-171.8166666666667,106.73
2641,1715533744980,1.23,-0.98,1.58,-355.6499999999999,-260.93,106.81
2642,1715533744990,1.23,-0.98,1.58,-355.6499999999999,-260.93,106.81
2643,1715533745000,1.23,-0.98,1.58,-355.65,-260.93,106.81
2644,1715533745010,1.2366666666666666,-0.48666666666666664,1.6833333333333333,-355.7333333333333,-243.55333333333337,106.34333333333332
2645,1715533745020,1.25,0.5,1.89,-355.9,-208.8,105.41
2646,1715533745030,1.25,0.5,1.89,-355.8999999999999,-208.80000000000004,105.41000000000001
2647,1715533745040,1.25,0.5,1.89,-355.9,-208.8,105.41
2648,1715533745050,1.25,0.5,1.89,-355.8999999999999,-208.80000000000004,105.41000000000001
2649,1715533745060,1.25,0.5,1.89,-355.8999999999999,-208.80000000000004,105.41000000000001
2650,1715533745070,1.25,0.5,1.89,-355.8999999999999,-208.80000000000004,105.41000000000001
2651,1715533745080,1.25,0.5,1.89,-355.8999999999999,-208.80000000000004,105.41000000000001
2652,1715533745090,1.25,0.5,1.89,-355.9,-208.8,105.41
2653,1715533745100,1.25,0.5,1.89,-355.8999999999999,-208.80000000000004,105.41000000000001
2654,1715533745110,1.25,0.5,1.89,-355.8999999999999,-208.80000000000004,105.41000000000001
2655,1715533745120,0.77,-1.0433333333333332,6.359999999999999,38.7,-36.44,-18.86
2656,1715533745130,1.65,-1.11,5.82,103.09,-17.424999999999997,2.3200000000000003
2657,1715533745140,1.6499999999999997,-1.11,5.82,167.48,1.59,23.5
2658,1715533745150,1.65,-1.11,5.82,167.48,1.59,23.5
2659,1715533745160,1.6499999999999997,-1.11,5.82,167.48,1.59,23.5
2660,1715533745170,2.52,-1.41,4.73,228.94,89.66,0.98
2661,1715533745180,2.52,-1.41,4.73,228.94,89.66,0.98
2662,1715533745190,2.52,-1.41,4.73,228.93999999999997,89.66000000000001,0.98
2663,1715533745200,2.3800000000000003,-1.2633333333333334,4.453333333333334,191.52666666666667,140.44,3.806666666666667
2664,1715533745210,2.1,-0.97,3.9,116.7,242.0,9.46
2665,1715533745220,2.1,-0.9700000000000001,3.9,116.7,242.0,9.46
2666,1715533745230,2.1,-0.9700000000000001,3.9,116.7,242.0,9.46
2667,1715533745240,2.1,-0.9700000000000001,3.9,116.7,242.0,9.46
2668,1715533745250,2.1,-0.97,3.9,116.7,242.0,9.46
2669,1715533745260,2.1,-0.97,3.9,116.7,242.0,9.46
2670,1715533745270,2.1,-0.97,3.9,116.7,242.0,9.46
2671,1715533745280,2.1,-0.9700000000000001,3.9,116.7,242.0,9.46
2672,1715533745290,2.1,-0.9700000000000001,3.9,116.7,242.0,9.46
2673,1715533745300,2.1,-0.9700000000000001,3.9,116.7,242.0,9.46
2674,1715533745310,1.9666666666666668,-0.7233333333333333,3.5366666666666666,152.36333333333334,241.65666666666667,10.68
2675,1715533745320,1.26,-1.4233333333333331,1.3966666666666667,355.8566666666666,296.24666666666667,-21.256666666666664
2676,1715533745330,1.2,-1.79,1.11,392.52,284.67,-26.18
2677,1715533745340,1.2,-1.79,1.11,392.52,284.67,-26.179999999999996
2678,1715533745350,1.19,-1.885,1.0450000000000002,403.155,263.535,-28.119999999999997
2679,1715533745360,1.16,-2.17,0.85,435.06,200.13,-33.94
2680,1715533745370,1.16,-2.17,0.85,435.06,200.13,-33.94
2681,1715533745380,1.16,-2.17,0.85,435.06,200.13,-33.94
2682,1715533745390,1.2633333333333334,-2.063333333333333,0.8799999999999999,410.56333333333333,206.17333333333332,-25.496666666666666
2683,1715533745400,1.47,-1.8500000000000003,0.94,361.57,218.26,-8.61
2684,1715533745410,1.47,-1.85,0.94,361.57,218.26,-8.61
2685,1715533745420,1.47,-1.8500000000000003,0.94,361.57,218.26,-8.61
2686,1715533745430,1.365,-1.77,0.885,361.57,218.26,-8.61
2687,1715533745440,1.26,-1.6900000000000002,0.83,348.24333333333334,217.54999999999998,-20.226666666666667
2688,1715533745450,1.26,-1.69,0.83,321.59,216.13,-43.46
2689,1715533745460,1.26,-1.69,0.83,321.59,216.13,-43.46
2690,1715533745470,1.19,-1.42,0.63,286.68,192.92999999999998,-27.399999999999995
2691,1715533745480,1.19,-1.42,0.63,286.68,192.92999999999998,-27.399999999999995
2692,1715533745490,1.19,-1.42,0.63,286.68,192.92999999999998,-27.399999999999995
2693,1715533745500,1.19,-1.42,0.63,286.68,192.92999999999998,-27.399999999999995
2694,1715533745510,1.1966666666666665,-1.3399999999999999,0.47000000000000003,265.74666666666667,206.51999999999998,-43.169999999999995
2695,1715533745520,1.2,-1.3,0.39,223.88,233.7,-74.71
2696,1715533745530,1.2,-1.3,0.38999999999999996,223.88,233.69999999999996,-74.71
2697,1715533745540,1.2,-1.3,0.39,223.88,233.7,-74.71
2698,1715533745550,1.2,-1.3,0.38999999999999996,223.88,233.69999999999996,-74.71
2699,1715533745560,1.2,-1.3,0.39,223.88,233.7,-74.71
2700,1715533745570,1.2,-1.3,0.38999999999999996,223.88,233.69999999999996,-74.71
2701,1715533745580,1.2,-1.3,0.39,223.88,233.7,-74.71
2702,1715533745590,1.2,-1.3,0.38999999999999996,223.88,233.69999999999996,-74.71
2703,1715533745600,1.2,-1.3,0.39,223.88,233.7,-74.71
2704,1715533745610,1.2,-1.3,0.39,223.88,233.7,-74.71
2705,1715533745620,1.2,-1.3,0.38999999999999996,223.88,233.69999999999996,-74.71
2706,1715533745630,1.2,-1.3,0.38999999999999996,223.88,233.69999999999996,-74.71
2707,1715533745640,0.5866666666666666,-0.7366666666666667,-1.5866666666666667,216.47333333333333,148.55666666666664,-59.79666666666666
2708,1715533745650,-0.64,0.39,-5.54,201.66,-21.73,-29.97
2709,1715533745660,-0.6466666666666666,0.033333333333333326,-5.876666666666666,128.56,-68.50333333333334,13.506666666666666
2710,1715533745670,-0.66,-0.68,-6.55,-17.64,-162.05,100.46
2711,1715533745680,-0.66,-0.68,-6.55,-17.64,-162.05,100.46
2712,1715533745690,-0.66,-0.68,-6.55,-17.64,-162.05,100.46
2713,1715533745700,-0.25333333333333335,-0.3,-5.45,-159.08,-138.53,137.81333333333333
2714,1715533745710,-0.05,-0.11,-4.9,-229.8,-126.77,156.49
2715,1715533745720,-0.05,-0.11,-4.9,-229.8,-126.77,156.49
2716,1715533745730,-0.05,-0.11,-4.9,-229.8,-126.77,156.49
2717,1715533745740,1.0766666666666664,-0.7700000000000001,-2.56,-268.00666666666666,-156.33,151.61
2718,1715533745750,1.64,-1.1,-1.39,-344.42,-215.45,141.85
2719,1715533745760,1.64,-1.1,-1.39,-344.42,-215.44999999999996,141.85
2720,1715533745770,1.64,-1.1,-1.39,-344.42,-215.45,141.85
2721,1715533745780,1.64,-1.1,-1.39,-344.42,-215.44999999999996,141.85
2722,1715533745790,1.64,-1.1,-1.39,-344.42,-215.44999999999996,141.85
2723,1715533745800,1.64,-1.1,-1.39,-344.42,-215.44999999999996,141.85
2724,1715533745810,1.64,-1.1,-1.39,-344.42,-215.44999999999996,141.85
2725,1715533745820,1.64,-1.1,-1.39,-344.42,-215.44999999999996,141.85
2726,1715533745830,1.785,-1.56,0.28,-345.94500000000005,-224.76,107.485
2727,1715533745840,1.93,-2.02,1.95,-347.47,-234.07000000000002,73.12
2728,1715533745850,1.93,-2.02,1.95,-347.47,-234.07,73.12
2729,1715533745860,1.61,-2.03,1.79,-305.6,-270.32,50.48
2730,1715533745870,1.61,-2.03,1.79,-305.6,-270.32,50.48
2731,1715533745880,1.61,-2.03,1.79,-305.6,-270.32,50.48
2732,1715533745890,1.54,-1.9866666666666664,1.8433333333333335,-333.3933333333334,-241.45333333333335,44.923333333333325
2733,1715533745900,1.3999999999999997,-1.8999999999999997,1.95,-388.98,-183.72,33.81
2734,1715533745910,1.3999999999999997,-1.8999999999999997,1.95,-388.98,-183.72,33.81
2735,1715533745920,1.3999999999999997,-1.8999999999999997,1.95,-388.98,-183.72,33.81
2736,1715533745930,1.28,-1.885,1.8275,-389.14750000000004,-177.325,29.7375
2737,1715533745940,0.92,-1.84,1.46,-389.6499999999999,-158.14,17.52
2738,1715533745950,0.92,-1.84,1.46,-389.6499999999999,-158.14,17.52
2739,1715533745960,0.92,-1.84,1.46,-389.6499999999999,-158.14,17.52
2740,1715533745970,0.8933333333333334,-1.68,1.46,-335.04333333333335,-191.71333333333334,28.99333333333333
2741,1715533745980,0.88,-1.6000000000000003,1.46,-307.74,-208.5,34.73
2742,1715533745990,0.88,-1.6000000000000003,1.46,-307.74,-208.5,34.73
2743,1715533746000,0.88,-1.6000000000000003,1.46,-307.74,-208.5,34.73
2744,1715533746010,0.835,-1.195,1.475,-408.495,-122.205,59.3075
2745,1715533746020,0.82,-1.06,1.4799999999999998,-442.08,-93.44,67.5
2746,1715533746030,0.82,-1.06,1.48,-442.08,-93.44,67.5
2747,1715533746040,0.82,-1.06,1.4799999999999998,-442.08,-93.44,67.5
2748,1715533746050,0.8000000000000002,-0.38000000000000006,2.47,-247.18999999999997,-297.61,-4.64
2749,1715533746060,0.8000000000000002,-0.38000000000000006,2.47,-247.18999999999997,-297.61,-4.64
2750,1715533746070,0.8,-0.38,2.47,-247.19,-297.61,-4.64
2751,1715533746080,0.8000000000000002,-0.38000000000000006,2.47,-247.18999999999997,-297.61,-4.64
2752,1715533746090,0.8,-0.38,2.47,-247.19,-297.61,-4.64
2753,1715533746100,0.8000000000000002,-0.38000000000000006,2.47,-247.18999999999997,-297.61,-4.64
2754,1715533746110,0.8000000000000002,-0.38000000000000006,2.47,-247.18999999999997,-297.61,-4.64
2755,1715533746120,0.8000000000000002,-0.38000000000000006,2.47,-247.18999999999997,-297.61,-4.64
2756,1715533746130,0.8,-0.38,2.47,-247.19,-297.61,-4.64
2757,1715533746140,0.8000000000000002,-0.38000000000000006,2.47,-247.18999999999997,-297.61,-4.64
2758,1715533746150,0.8,-0.38,2.47,-247.19,-297.61,-4.64
2759,1715533746160,0.8000000000000002,-0.38000000000000006,2.47,-247.18999999999997,-297.61,-4.64
2760,1715533746170,2.18,-1.18,5.61,142.09,-79.71,78.98
2761,1715533746180,2.18,-1.18,5.61,142.09,-79.71,78.98
2762,1715533746190,2.18,-1.18,5.61,142.09,-79.71,78.98
2763,1715533746200,2.3133333333333335,-1.4366666666666665,5.44,117.88,6.26666666666667,68.58333333333333
2764,1715533746210,2.58,-1.95,5.1,69.46,178.22,47.79
2765,1715533746220,2.58,-1.95,5.1,69.46,178.22,47.79
2766,1715533746230,2.58,-1.95,5.1,69.46,178.22,47.79
2767,1715533746240,2.4466666666666668,-1.5599999999999998,4.493333333333333,103.08999999999999,176.31000000000003,48.44
2768,1715533746250,2.18,-0.7799999999999999,3.28,170.35,172.49,49.74
2769,1715533746260,2.18,-0.78,3.28,170.35,172.49,49.74
2770,1715533746270,2.18,-0.7799999999999999,3.28,170.35,172.49,49.74
2771,1715533746280,2.18,-0.7799999999999999,3.28,170.35,172.49,49.74
2772,1715533746290,2.18,-0.78,3.28,170.35,172.49,49.74
2773,1715533746300,2.18,-0.7799999999999999,3.28,170.35,172.49,49.74
2774,1715533746310,2.18,-0.7799999999999999,3.28,170.35,172.49,49.74
2775,1715533746320,2.18,-0.7799999999999999,3.28,170.35,172.49,49.74
2776,1715533746330,2.18,-0.7799999999999999,3.28,170.35,172.49,49.74
2777,1715533746340,2.18,-0.7799999999999999,3.28,170.35,172.49,49.74
2778,1715533746350,2.18,-0.7799999999999999,3.28,170.35,172.49,49.74
2779,1715533746360,2.18,-0.7799999999999999,3.28,170.35,172.49,49.74
2780,1715533746370,2.18,-0.78,3.28,170.35,172.49,49.74
2781,1715533746380,2.18,-0.7799999999999999,3.28,170.35,172.49,49.74
2782,1715533746390,2.18,-0.78,3.28,170.35,172.49,49.74
2783,1715533746400,2.0700000000000003,-0.36000000000000004,2.98,170.35,172.49,49.74
2784,1715533746410,1.08,-1.64,1.42,389.71,90.76,-213.01
2785,1715533746420,1.08,-1.64,1.42,389.71,90.76,-213.01
2786,1715533746430,1.0750000000000002,-1.8199999999999998,1.505,368.2725,114.97500000000001,-190.015
2787,1715533746440,1.07,-2.0,1.59,303.96,187.62,-121.03000000000002
2788,1715533746450,1.07,-2.0,1.59,303.96,187.62,-121.03000000000002
2789,1715533746460,1.07,-2.0,1.59,303.96,187.62,-121.03
2790,1715533746470,1.1033333333333335,-1.8933333333333333,1.43,302.25,194.11,-114.21666666666665
2791,1715533746480,1.12,-1.84,1.3500000000000003,298.83,207.09,-100.58999999999999
2792,1715533746490,1.12,-1.84,1.3500000000000003,298.83,207.09,-100.58999999999999
2793,1715533746500,1.12,-1.84,1.3500000000000003,298.83,207.09,-100.58999999999999
2794,1715533746510,1.09,-1.7650000000000001,1.29,297.365,202.345,-98.025
2795,1715533746520,1.08,-1.74,1.27,292.97,188.11,-90.33
2796,1715533746530,1.08,-1.74,1.27,292.97,188.11,-90.33
2797,1715533746540,1.08,-1.74,1.27,292.97,188.11,-90.33
2798,1715533746550,1.1733333333333333,-1.6666666666666667,1.1033333333333333,291.18,187.07333333333335,-85.38666666666666
2799,1715533746560,1.22,-1.63,1.02,287.6,185.0,-75.5
2800,1715533746570,1.22,-1.63,1.02,287.6,185.0,-75.5
2801,1715533746580,1.22,-1.63,1.02,287.6,185.0,-75.5
2802,1715533746590,1.38,-1.29,0.23,235.505,223.575,-70.74000000000001
2803,1715533746600,1.38,-1.29,0.23,183.41,262.15,-65.98
2804,1715533746610,1.38,-1.29,0.23,183.41,262.15,-65.98
2805,1715533746620,1.38,-1.29,0.23,183.41,262.15,-65.98
2806,1715533746630,1.38,-1.29,0.23,183.41,262.15,-65.98
2807,1715533746640,1.38,-1.29,0.23,183.41,262.15,-65.98
2808,1715533746650,1.38,-1.29,0.23,183.41,262.15,-65.98
2809,1715533746660,1.38,-1.29,0.23,183.41,262.15,-65.98
2810,1715533746670,1.38,-1.29,0.23,183.41,262.15,-65.98
2811,1715533746680,1.38,-1.29,0.23,183.41,262.15,-65.98
2812,1715533746690,-0.3975,-0.060000000000000026,-4.3375,73.685,172.06,-24.872500000000002
2813,1715533746700,-0.9700000000000001,0.3633333333333333,-5.803333333333334,-10.6,106.73,19.956666666666663
2814,1715533746710,-0.93,0.39,-5.69,-106.02,36.13,82.21
2815,1715533746720,-0.93,0.38999999999999996,-5.69,-106.02,36.13,82.21
2816,1715533746730,-0.93,0.39,-5.69,-106.02,36.13,82.21
2817,1715533746740,-0.01666666666666668,-0.07666666666666666,-4.836666666666667,-160.90666666666667,-109.29666666666667,107.68333333333334
2818,1715533746750,0.44,-0.31,-4.41,-188.35,-182.01,120.42
2819,1715533746760,0.44,-0.31,-4.41,-188.35,-182.01,120.42
2820,1715533746770,0.44,-0.31,-4.41,-188.35,-182.01,120.42
2821,1715533746780,1.95,-1.5599999999999998,-0.75,-221.69666666666663,-205.9333333333333,125.85333333333334
2822,1715533746790,1.95,-1.56,-0.75,-288.39,-253.78,136.72
2823,1715533746800,1.95,-1.5599999999999998,-0.75,-288.39,-253.78,136.72
2824,1715533746810,1.95,-1.56,-0.75,-288.39,-253.78,136.72
2825,1715533746820,1.95,-1.56,-0.75,-288.39,-253.78,136.72
2826,1715533746830,1.95,-1.56,-0.75,-288.39,-253.78,136.72
2827,1715533746840,1.95,-1.5599999999999998,-0.75,-288.39,-253.78,136.72
2828,1715533746850,1.95,-1.5599999999999998,-0.75,-288.39,-253.78,136.72
2829,1715533746860,1.95,-1.5599999999999998,-0.75,-288.39,-253.78,136.72
2830,1715533746870,1.95,-1.56,-0.75,-288.39,-253.78,136.72
2831,1715533746880,1.6233333333333333,-2.3200000000000003,1.3433333333333335,-316.63,-257.24,116.45333333333333
2832,1715533746890,1.46,-2.7,2.39,-330.75,-258.97,106.32
2833,1715533746900,1.4799999999999998,-2.44,2.3066666666666666,-303.08,-242.47000000000003,118.81333333333333
2834,1715533746910,1.52,-1.92,2.14,-247.74,-209.47,143.8
2835,1715533746920,1.5200000000000002,-1.92,2.14,-247.74,-209.47,143.8
2836,1715533746930,1.5200000000000002,-1.92,2.14,-247.74,-209.47,143.8
2837,1715533746940,1.27,-1.59,1.66,-343.87,-96.07,114.5
2838,1715533746950,1.27,-1.59,1.66,-343.87000000000006,-96.07,114.5
2839,1715533746960,1.27,-1.59,1.66,-343.87000000000006,-96.07,114.5
2840,1715533746970,1.27,-1.59,1.66,-343.87,-96.07,114.5
2841,1715533746980,1.0033333333333332,-1.5966666666666667,1.5199999999999998,-394.77666666666664,-92.24333333333334,75.44
2842,1715533746990,0.87,-1.6,1.45,-420.23,-90.33,55.91
2843,1715533747000,0.87,-1.6000000000000003,1.45,-420.23,-90.33,55.91
2844,1715533747010,0.99,-1.36,1.63,-397.43,-107.865,49.3625
2845,1715533747020,1.03,-1.28,1.6900000000000002,-389.83,-113.71,47.18
2846,1715533747030,1.03,-1.28,1.69,-389.83,-113.71,47.18
2847,1715533747040,1.03,-1.28,1.69,-389.83,-113.71,47.18
2848,1715533747050,1.03,-1.28,1.69,-389.83,-113.71,47.18
2849,1715533747060,1.0833333333333333,-1.0,1.7699999999999998,-404.68333333333334,-105.26666666666665,41.199999999999996
2850,1715533747070,1.19,-0.44,1.93,-434.39,-88.38,29.24
2851,1715533747080,1.19,-0.44,1.93,-434.39000000000004,-88.38,29.24
2852,1715533747090,1.5,0.69,3.77,-315.0,-97.96,-51.82
2853,1715533747100,1.5,0.69,3.77,-315.0,-97.96,-51.82
2854,1715533747110,1.5,0.69,3.77,-315.0,-97.96,-51.82
2855,1715533747120,1.5,0.69,3.77,-315.0,-97.96,-51.82
2856,1715533747130,1.5,0.69,3.77,-315.0,-97.96,-51.82
2857,1715533747140,1.5,0.69,3.77,-315.0,-97.96,-51.82
2858,1715533747150,1.5,0.69,3.77,-315.0,-97.96,-51.82
2859,1715533747160,1.5,0.69,3.77,-315.0,-97.96,-51.82
2860,1715533747170,1.5,0.69,3.77,-315.0,-97.96,-51.82
2861,1715533747180,1.5,0.69,3.77,-315.0,-97.96,-51.82
2862,1715533747190,1.5,0.69,3.77,-315.0,-97.96,-51.82
2863,1715533747200,1.5,0.69,3.77,-315.0,-97.96,-51.82
2864,1715533747210,1.1333333333333333,-1.2433333333333334,4.616666666666666,85.06666666666668,-12.673333333333332,-125.46666666666665
2865,1715533747220,0.9499999999999998,-2.21,5.04,285.1,29.97,-162.29
2866,1715533747230,0.9499999999999998,-2.21,5.04,285.1,29.97,-162.29
2867,1715533747240,1.0633333333333335,-1.7633333333333334,4.206666666666667,285.1,29.97,-162.29
2868,1715533747250,1.12,-1.54,3.79,180.85,194.34,-33.2
2869,1715533747260,1.12,-1.54,3.7900000000000005,180.85,194.34,-33.2
2870,1715533747270,1.12,-1.54,3.7900000000000005,180.85,194.34,-33.2
2871,1715533747280,1.09,-1.2675,3.42,189.12,194.735,-24.625000000000004
2872,1715533747290,1.0,-0.45,2.31,213.93,195.92,1.1
2873,1715533747300,1.0,-0.45,2.31,213.92999999999998,195.92,1.1
2874,1715533747310,1.0,-0.45,2.31,213.92999999999998,195.92,1.1
2875,1715533747320,1.25,-0.02,2.06,193.97,264.83,-1.89
2876,1715533747330,1.25,-0.02,2.06,193.97,264.83,-1.89
2877,1715533747340,1.25,-0.02,2.06,193.97,264.83,-1.89
2878,1715533747350,1.25,-0.02,2.06,193.97,264.83,-1.89
2879,1715533747360,1.25,-0.02,2.06,193.97,264.83,-1.89
2880,1715533747370,1.25,-0.02,2.06,193.97,264.83,-1.89
2881,1715533747380,1.25,-0.02,2.06,193.97,264.83,-1.89
2882,1715533747390,1.25,-0.02,2.06,193.97,264.83,-1.89
2883,1715533747400,1.2966666666666666,-0.18666666666666668,1.92,190.89666666666668,296.91333333333336,-10.823333333333332
2884,1715533747410,1.32,-1.74,1.57,324.89,265.08,-66.41
2885,1715533747420,1.32,-1.74,1.57,324.89,265.08,-66.41
2886,1715533747430,1.3133333333333335,-1.7700000000000002,1.45,324.89,265.08,-66.41
2887,1715533747440,1.3,-1.83,1.21,345.52,260.38,-0.43
2888,1715533747450,1.3,-1.83,1.21,345.52,260.38,-0.43
2889,1715533747460,1.3,-1.83,1.21,345.52,260.38,-0.43
2890,1715533747470,1.2833333333333334,-1.7766666666666666,1.1633333333333333,346.64000000000004,244.60999999999999,-2.1166666666666667
2891,1715533747480,1.25,-1.67,1.07,348.87999999999994,213.07000000000002,-5.489999999999999
2892,1715533747490,1.25,-1.67,1.07,348.87999999999994,213.07000000000002,-5.489999999999999
2893,1715533747500,1.25,-1.67,1.07,348.87999999999994,213.07000000000002,-5.489999999999999
2894,1715533747510,1.05,-1.6900000000000002,0.77,337.18,217.01666666666665,-5.023333333333333
2895,1715533747520,1.05,-1.69,0.77,313.78,224.91,-4.09
2896,1715533747530,1.05,-1.6900000000000002,0.77,313.78,224.91,-4.09
2897,1715533747540,1.05,-1.6900000000000002,0.77,313.78,224.91,-4.09
2898,1715533747550,1.42,-1.17,0.67,273.29333333333335,221.86333333333334,22.116666666666664
2899,1715533747560,1.42,-1.17,0.67,253.05000000000004,220.34,35.22
2900,1715533747570,1.42,-1.17,0.67,253.05,220.34,35.22
2901,1715533747580,1.3366666666666667,-1.0733333333333333,0.26333333333333336,253.05000000000004,220.34,35.22
2902,1715533747590,1.17,-0.88,-0.55,224.40333333333334,255.33333333333334,17.68
2903,1715533747600,1.17,-0.88,-0.55,167.11,325.32,-17.4
2904,1715533747610,1.17,-0.88,-0.55,167.11,325.32,-17.4
2905,1715533747620,1.145,-0.445,-1.05,156.98000000000002,244.995,-45.2
2906,1715533747630,1.12,-0.01,-1.55,146.85,164.67,-73.0
2907,1715533747640,1.12,-0.01,-1.55,146.85,164.67,-73.0
2908,1715533747650,1.12,-0.01,-1.55,146.85,164.67,-73.0
2909,1715533747660,1.12,-0.01,-1.55,146.85,164.67,-73.0
2910,1715533747670,1.12,-0.01,-1.55,146.85,164.67,-73.0
2911,1715533747680,1.12,-0.01,-1.55,146.85,164.67,-73.0
2912,1715533747690,1.12,-0.01,-1.55,146.85,164.67,-73.0
2913,1715533747700,1.12,-0.01,-1.55,146.85,164.67,-73.0
2914,1715533747710,1.12,-0.01,-1.55,146.85,164.67,-73.0
2915,1715533747720,1.12,-0.01,-1.55,146.85,164.67,-73.0
2916,1715533747730,1.12,-0.01,-1.55,146.85,164.67,-73.0
2917,1715533747740,-0.46499999999999997,-0.015,-4.640000000000001,66.08500000000001,51.457499999999996,-4.9725
2918,1715533747750,-0.22,0.0,-4.44,-94.91,-138.24,98.94
2919,1715533747760,-0.22,0.0,-4.44,-94.91000000000001,-138.24,98.94
2920,1715533747770,-0.22,0.0,-4.44,-94.91,-138.24,98.94
2921,1715533747780,1.08,-0.85,-1.67,-277.65,-129.58,189.27
2922,1715533747790,1.08,-0.85,-1.67,-277.65,-129.58,189.27
2923,1715533747800,1.08,-0.85,-1.67,-277.65,-129.58,189.27
2924,1715533747810,1.08,-0.85,-1.67,-277.65,-129.58,189.27
2925,1715533747820,1.42,-1.53,0.38000000000000006,-356.22333333333336,-144.79333333333332,138.28333333333333
2926,1715533747830,1.42,-1.53,0.38,-395.51,-152.4,112.79
2927,1715533747840,1.42,-1.53,0.38000000000000006,-395.51,-152.4,112.79
2928,1715533747850,1.42,-1.53,0.38,-395.51,-152.4,112.79
2929,1715533747860,1.42,-1.53,0.38000000000000006,-395.51,-152.4,112.79
2930,1715533747870,1.42,-1.53,0.38,-395.51,-152.4,112.79
2931,1715533747880,1.42,-1.53,0.38000000000000006,-395.51,-152.4,112.79
2932,1715533747890,1.42,-1.53,0.38,-395.51,-152.4,112.79
2933,1715533747900,1.42,-1.53,0.38000000000000006,-395.51,-152.4,112.79
2934,1715533747910,1.42,-1.53,0.38,-395.51,-152.4,112.79
2935,1715533747920,1.42,-1.53,0.38000000000000006,-395.51,-152.4,112.79
2936,1715533747930,1.4566666666666668,-1.75,1.49,-337.95,-228.0666666666667,100.33999999999999
2937,1715533747940,1.47,-1.7299999999999998,1.49,-341.49,-233.09,90.27
2938,1715533747950,1.47,-1.73,1.49,-341.49,-233.09,90.27
2939,1715533747960,1.47,-1.7299999999999998,1.49,-341.49,-233.09,90.27
2940,1715533747970,1.47,-1.61,1.55,-391.24,-173.65,64.39
2941,1715533747980,1.47,-1.61,1.55,-391.24,-173.65,64.39
2942,1715533747990,1.47,-1.61,1.55,-391.24,-173.65,64.39
2943,1715533748000,1.47,-1.61,1.55,-391.24,-173.65,64.39
2944,1715533748010,1.18,-1.69,1.38,-426.45,-155.64,12.88
